75.746,0,0.1,82.276,3.2816,85.987,0,0.1,79.838,1.9872
75.266,-0.11525,0.0,82.276,3.2816,85.994,0.0037957,0.0,79.838,1.9872
75.325,0.041291,31.308,82.276,3.2816,86.04,0.0088988,1.0206,79.838,1.9872
75.75,0.098412,11.424,82.276,3.2816,86.103,0.010686,0.35744,79.838,1.9872
76.365,0.094727,-0.73694,82.276,3.2816,86.162,0.010239,-0.089429,79.838,1.9872
76.897,0.061364,-6.6727,82.276,3.2816,86.202,0.0084685,-0.35408,79.838,1.9872
76.897,0.021965,-7.8798,82.276,3.2816,86.219,0.0061156,-0.47058,79.838,1.9872
76.535,-0.0073094,-5.8548,82.276,3.2816,86.224,0.0037505,-0.47301,79.838,1.9872
76.441,0.01178,3.8179,82.276,3.2816,86.243,0.0016565,-0.41881,79.838,1.9872
76.637,-0.0026373,-2.8835,82.276,3.2816,86.262,0.00053994,-0.2233,79.838,1.9872
76.778,-0.018082,-3.0889,82.276,3.2816,86.265,0.00013372,-0.081243,79.838,1.9872
76.977,-0.0027615,3.0641,82.276,3.2816,86.254,-0.00024725,-0.076195,79.838,1.9872
77.175,0.023413,5.2348,82.276,3.2816,86.241,-0.00051055,-0.052661,79.838,1.9872
76.75,0.031693,1.6562,82.276,3.2816,86.241,-0.00051237,-0.0003642,79.838,1.9872
76.423,0.035359,0.73315,82.276,3.2816,86.247,-0.00043709,0.015057,79.838,1.9872
77.37,0.050429,3.0139,82.276,3.2816,86.246,-0.00014496,0.058425,79.838,1.9872
78.246,0.0669,3.2943,82.276,3.2816,86.247,2.8541e-05,0.034701,79.838,1.9872
78.286,0.075323,1.6846,82.276,3.2816,86.251,-0.00017586,-0.04088,79.838,1.9872
78.293,0.077516,0.43853,82.276,3.2816,86.242,-0.0006387,-0.092568,79.838,1.9872
78.606,0.061864,-3.1303,82.276,3.2816,86.226,-0.001064,-0.085066,79.838,1.9872
78.866,0.02294,-7.7849,82.276,3.2816,86.225,-0.0011939,-0.025984,79.838,1.9872
79.014,0.00049969,-4.488,82.276,3.2816,86.228,-0.0011317,0.012457,79.838,1.9872
79.096,0.012325,2.365,82.276,3.2816,86.221,-0.0012656,-0.026783,79.838,1.9872
79.048,0.011968,-0.071328,82.276,3.2816,86.206,-0.0017243,-0.091745,79.838,1.9872
78.918,-0.0034468,-3.083,82.276,3.2816,86.19,-0.0029625,-0.24763,79.838,1.9872
78.894,-0.0063587,-0.58237,82.276,3.2816,86.173,-0.0050144,-0.41038,79.838,1.9872
78.992,0.0034499,1.9617,82.276,3.2816,86.15,-0.0061362,-0.22436,79.838,1.9872
79.088,0.011096,1.5292,82.276,3.2816,86.113,-0.0054953,0.12817,79.838,1.9872
79.106,0.012083,0.19738,82.276,3.2816,86.075,-0.0045897,0.18113,79.838,1.9872
79.019,-0.0034069,-3.098,82.276,3.2816,86.051,-0.0041915,0.079636,79.838,1.9872
78.846,-0.043345,-7.9876,82.276,3.2816,86.047,-0.0038687,0.064559,79.838,1.9872
78.499,-0.11485,-14.301,82.276,3.2816,86.048,-0.0036448,0.04478,79.838,1.9872
77.82,-0.19251,-15.531,82.276,3.2816,86.021,-0.0039266,-0.05637,79.838,1.9872
76.823,-0.17079,4.3433,82.276,3.2816,85.975,-0.0049896,-0.2126,79.838,1.9872
75.652,-0.068561,20.446,82.276,3.2816,85.939,-0.0068663,-0.37533,79.838,1.9872
74.636,-0.02179,9.3544,82.276,3.2816,85.904,-0.0090251,-0.43177,79.838,1.9872
73.983,-0.14116,-23.874,82.276,3.2816,85.855,-0.010962,-0.38741,79.838,1.9872
73.64,-0.44939,-61.647,82.276,3.2816,85.792,-0.012651,-0.33774,79.838,1.9872
71.706,-0.84523,-79.167,82.276,3.2816,85.719,-0.014355,-0.34089,79.838,1.9872
64.643,-1.2142,-73.801,82.276,3.2816,85.635,-0.016208,-0.3705,79.838,1.9872
54.299,-1.5195,-61.052,82.276,3.2816,85.546,-0.017081,-0.17472,79.838,1.9872
44.507,-1.6942,-34.95,82.276,3.2816,85.46,-0.016554,0.10557,79.838,1.9872
37.111,-1.6602,6.8085,82.276,3.2816,85.384,-0.015738,0.16306,79.838,1.9872
31.929,-1.4314,45.761,82.276,3.2816,85.318,-0.014643,0.21896,79.838,1.9872
26.846,-1.1014,65.99,82.276,3.2816,85.26,-0.012617,0.4053,79.838,1.9872
21.692,-0.80067,60.154,82.276,3.2816,85.204,-0.010173,0.48879,79.838,1.9872
18.311,-0.63035,34.064,82.276,3.2816,85.151,-0.0079353,0.44755,79.838,1.9872
15.955,-0.53601,18.867,82.276,3.2816,85.118,-0.0059293,0.40119,79.838,1.9872
13.611,-0.44284,18.634,82.276,3.2816,85.111,-0.004347,0.31647,79.838,1.9872
11.935,-0.3379,20.989,82.276,3.2816,85.104,-0.0035768,0.15403,79.838,1.9872
11.117,-0.23908,19.764,82.276,3.2816,85.081,-0.0033072,0.053919,79.838,1.9872
10.209,-0.18147,11.523,82.276,3.2816,85.06,-0.0031781,0.025835,79.838,1.9872
9.0853,-0.13711,8.8713,82.276,3.2816,85.04,-0.0031694,0.0017282,79.838,1.9872
8.5665,-0.065372,14.348,82.276,3.2816,85.019,-0.0031571,0.0024669,79.838,1.9872
8.7048,-0.00047406,12.979,82.276,3.2816,85.006,-0.002814,0.06862,79.838,1.9872
9.2718,0.044483,8.9915,82.276,3.2816,85.007,-0.0022051,0.12178,79.838,1.9872
9.7962,0.089596,9.0226,82.276,3.2816,85.002,-0.0019618,0.048666,79.838,1.9872
10.204,0.12578,7.2371,82.276,3.2816,84.985,-0.0022106,-0.049771,79.838,1.9872
10.757,0.13014,0.87238,82.276,3.2816,84.965,-0.0024567,-0.049223,79.838,1.9872
11.419,0.11755,-2.5178,82.276,3.2816,84.951,-0.0025508,-0.018812,79.838,1.9872
11.987,0.11345,-0.82167,82.276,3.2816,84.943,-0.0023933,0.031497,79.838,1.9872
12.545,0.11225,-0.23818,82.276,3.2816,84.936,-0.0020397,0.070731,79.838,1.9872
13.163,0.11203,-0.045214,82.276,3.2816,84.927,-0.0016138,0.085166,79.838,1.9872
13.725,0.1099,-0.4266,82.276,3.2816,84.921,-0.0014353,0.035704,79.838,1.9872
14.215,0.10701,-0.57783,82.276,3.2816,84.917,-0.0011204,0.062976,79.838,1.9872
14.718,0.11095,0.78853,82.276,3.2816,84.91,-0.00036675,0.15074,79.838,1.9872
15.343,0.12709,3.2273,82.276,3.2816,84.904,0.00033274,0.1399,79.838,1.9872
16.156,0.1487,4.3228,82.276,3.2816,84.911,0.00066864,0.06718,79.838,1.9872
17.004,0.16728,3.7168,82.276,3.2816,84.924,0.00050941,-0.031846,79.838,1.9872
17.875,0.1872,3.9835,82.276,3.2816,84.93,5.7767e-05,-0.090329,79.838,1.9872
18.991,0.21189,4.9373,82.276,3.2816,84.922,-0.00027126,-0.065805,79.838,1.9872
20.235,0.2312,3.862,82.276,3.2816,84.906,-0.00088692,-0.12313,79.838,1.9872
21.352,0.24887,3.5337,82.276,3.2816,84.897,-0.0019382,-0.21026,79.838,1.9872
22.599,0.28376,6.9787,82.276,3.2816,84.893,-0.0024934,-0.11103,79.838,1.9872
24.2,0.3111,5.468,82.276,3.2816,84.888,-0.00203,0.092672,79.838,1.9872
25.744,0.27939,-6.3414,82.276,3.2816,84.877,-0.0013795,0.13009,79.838,1.9872
27.083,0.23442,-8.9952,82.276,3.2816,84.862,-0.0010843,0.059035,79.838,1.9872
28.531,0.24216,1.5496,82.276,3.2816,84.858,-0.0011392,-0.010969,79.838,1.9872
29.753,0.26853,5.273,82.276,3.2816,84.866,-0.00088341,0.051157,79.838,1.9872
30.524,0.28694,3.682,82.276,3.2816,84.868,0.00021741,0.22016,79.838,1.9872
32.268,0.36665,15.942,82.276,3.2816,84.867,0.0019516,0.34684,79.838,1.9872
36.104,0.55251,37.172,82.276,3.2816,84.882,0.0039573,0.40115,79.838,1.9872
40.327,0.83726,56.95,82.276,3.2816,84.913,0.0058678,0.3821,79.838,1.9872
44.557,1.1551,63.577,82.276,3.2816,84.956,0.0075676,0.33994,79.838,1.9872
51.01,1.4116,51.288,82.276,3.2816,85.003,0.0090272,0.29193,79.838,1.9872
59.742,1.507,19.082,82.276,3.2816,85.045,0.0086794,-0.069565,79.838,1.9872
68.106,1.4143,-18.545,82.276,3.2816,85.079,0.0060984,-0.51619,79.838,1.9872
74.574,1.2009,-42.677,82.276,3.2816,85.097,0.0029501,-0.62966,79.838,1.9872
78.339,0.9163,-56.918,82.276,3.2816,85.094,-0.00022782,-0.63559,79.838,1.9872
80.172,0.56735,-69.789,82.276,3.2816,85.064,-0.0039609,-0.74661,79.838,1.9872
81.114,0.2618,-61.11,82.276,3.2816,85.012,-0.0080952,-0.82687,79.838,1.9872
82.009,0.11991,-28.379,82.276,3.2816,84.962,-0.012615,-0.90389,79.838,1.9872
83.009,0.11303,-1.3757,82.276,3.2816,84.892,-0.018081,-1.0933,79.838,1.9872
83.814,0.14389,6.1734,82.276,3.2816,84.769,-0.023816,-1.147,79.838,1.9872
84.598,0.16769,4.7583,82.276,3.2816,84.618,-0.028039,-0.84447,79.838,1.9872
85.566,0.15797,-1.9425,82.276,3.2816,84.456,-0.031057,-0.60368,79.838,1.9872
86.193,0.13021,-5.5526,82.276,3.2816,84.279,-0.033745,-0.53762,79.838,1.9872
86.447,0.10235,-5.5717,82.276,3.2816,84.102,-0.035282,-0.30728,79.838,1.9872
86.799,0.084584,-3.5536,82.276,3.2816,83.95,-0.034881,0.080186,79.838,1.9872
87.278,0.068236,-3.2695,82.276,3.2816,83.796,-0.033753,0.22558,79.838,1.9872
87.632,0.050918,-3.4636,82.276,3.2816,83.61,-0.032677,0.21514,79.838,1.9872
87.864,0.047724,-0.63882,82.276,3.2816,83.437,-0.031038,0.32788,79.838,1.9872
88.02,0.049587,0.37245,82.276,3.2816,83.304,-0.028774,0.45279,79.838,1.9872
88.098,0.032298,-3.4578,82.276,3.2816,83.184,-0.026131,0.52851,79.838,1.9872
88.152,0.0062648,-5.2066,82.276,3.2816,83.07,-0.022665,0.69321,79.838,1.9872
88.242,-0.014592,-4.1713,82.276,3.2816,82.965,-0.019197,0.69369,79.838,1.9872
88.137,-0.037976,-4.6769,82.257,3.2816,82.87,-0.018698,0.099646,79.838,1.9872
87.681,-0.063708,-5.1462,82.237,3.2816,82.779,-0.020875,-0.4354,79.838,1.9872
87.196,-0.074531,-2.1647,82.217,3.2816,82.681,-0.022387,-0.30232,79.838,1.9872
86.808,-0.076475,-0.38891,82.197,3.2816,82.566,-0.022132,0.050983,79.838,1.9872
86.346,-0.086213,-1.9475,82.177,3.2816,82.428,-0.021264,0.17371,79.838,1.9872
85.877,-0.10099,-2.9561,82.156,3.2816,82.298,-0.022009,-0.14901,79.838,1.9872
85.482,-0.12047,-3.8961,82.135,3.2816,82.207,-0.024274,-0.45299,79.838,1.9872
84.832,-0.15785,-7.4749,82.114,3.2816,82.11,-0.025174,-0.17998,79.838,1.9872
83.597,-0.20623,-9.6754,82.093,3.2816,81.955,-0.028642,-0.69372,79.838,1.9872
82.222,-0.24286,-7.3269,82.071,3.2816,81.724,-0.042244,-2.7204,79.838,1.9872
81.025,-0.25945,-3.3176,82.049,3.2816,81.426,-0.058416,-3.2345,79.838,1.9872
79.72,-0.25873,0.14442,82.027,3.2816,81.084,-0.068757,-2.0682,79.838,1.9872
78.355,-0.23157,5.431,82.005,3.2816,80.606,-0.10327,-6.9027,79.838,1.9872
77.131,-0.21707,2.9009,81.983,3.2816,79.88,-0.15753,-10.851,79.838,1.9872
75.735,-0.31092,-18.77,81.96,3.2816,79.039,-0.18715,-5.9252,79.838,1.9872
73.73,-0.49683,-37.182,81.937,3.2816,78.13,-0.17844,1.743,79.838,1.9872
70.692,-0.68431,-37.497,81.914,3.2816,76.769,-0.161,3.4878,79.838,1.9872
66.15,-0.88444,-40.025,81.891,3.2816,74.997,-0.21007,-9.8135,79.838,1.9872
59.687,-1.1105,-45.209,81.867,3.2816,73.646,-0.38789,-35.565,79.838,1.9872
52.602,-1.2923,-36.361,81.844,3.2816,71.544,-0.70452,-63.326,79.838,1.9872
46.65,-1.3935,-20.237,81.82,3.2816,66.773,-1.0905,-77.195,79.838,1.9872
40.143,-1.4486,-11.024,81.796,3.2816,59.017,-1.4226,-66.424,79.838,1.9872
32.079,-1.4614,-2.5615,81.771,3.2816,49.204,-1.6626,-47.993,79.838,1.9872
24.765,-1.4192,8.4431,81.747,3.2816,39.419,-1.7944,-26.363,79.838,1.9872
18.662,-1.317,20.435,81.722,3.2816,31.149,-1.7588,7.1149,79.838,1.9872
12.582,-1.1619,31.022,81.698,3.2816,24.717,-1.5359,44.575,79.838,1.9872
7.3007,-0.95222,41.938,81.673,3.2816,19.116,-1.2291,61.372,79.838,1.9872
4.2223,-0.68213,54.017,81.648,3.2816,13.455,-0.94151,57.516,79.838,1.9872
2.7278,-0.40263,55.9,81.622,3.2816,9.4504,-0.69743,48.817,79.838,1.9872
2.0315,-0.14693,51.141,81.597,3.2816,7.4336,-0.49106,41.273,79.838,1.9872
1.8783,0.093323,48.05,81.571,3.2816,6.2035,-0.29675,38.862,79.838,1.9872
2.714,0.26237,33.81,81.545,3.284,5.4361,-0.11467,36.416,79.838,1.9872
4.9964,0.31925,11.376,81.519,3.2863,5.4663,0.020573,27.049,79.838,1.9872
7.3244,0.30795,-2.2601,81.493,3.2885,5.9434,0.061217,8.1289,79.838,1.9872
8.3544,0.26532,-8.5266,81.467,3.2907,6.1429,0.016432,-8.9571,79.838,1.9872
8.7205,0.18102,-16.86,81.441,3.2929,5.9967,-0.036172,-10.521,79.838,1.9872
8.9281,0.075616,-21.081,81.414,3.295,5.5295,-0.078078,-8.3812,79.838,1.9872
8.9688,-0.011515,-17.426,81.387,3.297,4.7489,-0.11408,-7.2007,79.838,1.9872
8.8591,-0.047755,-7.2481,81.36,3.299,3.9676,-0.12189,-1.5626,79.838,1.9872
8.6734,-0.035174,2.5162,81.333,3.301,3.545,-0.08999,6.3807,79.838,1.9872
8.5724,-0.027982,1.4385,81.306,3.3029,3.4786,-0.042819,9.4343,79.838,1.9872
8.5921,-0.0335,-1.1036,81.279,3.3047,3.6326,-0.0043148,7.7008,79.838,1.9872
8.5609,-0.0072195,5.2561,81.252,3.3066,3.7861,0.021784,5.2198,79.838,1.9872
8.5326,0.047864,11.017,81.224,3.3084,3.8418,0.027988,1.2408,79.838,1.9872
8.8566,0.11051,12.528,81.196,3.3101,3.8153,0.014975,-2.6026,79.838,1.9872
9.7818,0.16652,11.203,81.169,3.3119,3.7816,-0.0008376,-3.1626,79.838,1.9872
11.362,0.22567,11.829,81.141,3.3136,3.8045,-0.0072778,-1.288,79.838,1.9872
13.085,0.30747,16.361,81.113,3.3153,3.8039,-0.0054183,0.37189,79.838,1.9872
14.652,0.39329,17.163,81.084,3.3169,3.7646,0.00045933,1.1755,79.838,1.9872
16.529,0.45729,12.8,81.056,3.3186,3.795,0.005521,1.0123,79.838,1.9872
19.018,0.51327,11.197,81.028,3.3202,3.8878,0.011187,1.1333,79.838,1.9872
22.104,0.5481,6.965,80.999,3.3218,3.9648,0.018188,1.4002,79.838,1.9872
25.052,0.49519,-10.581,80.971,3.3234,4.0434,0.020728,0.508,79.838,1.9872
27.274,0.40036,-18.966,80.942,3.3249,4.157,0.020392,-0.067331,79.838,1.9872
29.233,0.37849,-4.3743,80.913,3.3265,4.3012,0.025824,1.0865,79.838,1.9872
31.057,0.44069,12.441,80.884,3.3281,4.4113,0.027716,0.37838,79.838,1.9872
32.517,0.55513,22.888,80.855,3.3296,4.3867,0.012563,-3.0305,79.838,1.9872
35.264,0.6723,23.433,80.826,3.3311,4.2642,-0.024516,-7.4158,79.838,1.9872
41.197,0.78448,22.437,80.797,3.3327,4.1535,-0.075416,-10.18,79.838,1.9872
47.668,0.95018,33.139,80.768,3.3342,3.7487,-0.11998,-8.9118,79.838,1.9872
52.04,1.1408,38.132,80.739,3.3357,2.7571,-0.14387,-4.779,79.838,1.9872
56.239,1.2622,24.277,80.709,3.3372,1.7409,-0.14224,0.32522,79.838,1.9872
61.887,1.2515,-2.1511,80.68,3.3388,1.149,-0.1115,6.1497,79.838,1.9872
69.248,1.1063,-29.039,80.65,3.3403,1.028,-0.055659,11.167,79.838,1.9872
76.186,0.92652,-35.951,80.62,3.3419,1.2491,0.013673,13.866,79.838,1.9872
79.402,0.76902,-31.501,80.591,3.3434,1.6064,0.076184,12.502,79.838,1.9872
80.149,0.5569,-42.424,80.561,3.345,2.0891,0.10307,5.3772,79.838,1.9872
80.808,0.28518,-54.343,80.531,3.3466,2.6808,0.093998,-1.8144,79.838,1.9872
81.689,0.064893,-44.058,80.501,3.3482,3.1636,0.081984,-2.4027,79.838,1.9872
82.703,-0.023134,-17.605,80.471,3.3498,3.5291,0.09033,1.6691,79.838,1.9872
82.983,0.022675,9.1618,80.441,3.3515,3.9782,0.12788,7.5098,79.838,1.9872
82.355,-0.037862,-12.107,80.411,3.3532,4.8004,0.19798,14.02,79.838,1.9872
81.449,-0.24586,-41.599,80.381,3.3549,6.2572,0.28617,17.639,79.838,1.9872
80.762,-0.12404,24.363,80.351,3.3566,8.2444,0.35575,13.915,79.838,1.9872
80.28,0.14461,53.73,80.321,3.3584,10.579,0.41768,12.387,79.838,1.9872
78.996,0.051209,-18.679,80.291,3.3603,13.1,0.49477,15.417,79.838,1.9872
77.453,-0.30567,-71.376,80.26,3.3622,15.673,0.55525,12.096,79.838,1.9872
79.263,-0.71726,-82.318,80.23,3.3643,18.227,0.58529,6.0074,79.838,1.9872
78.162,-1.0977,-76.091,80.2,3.3664,21.231,0.62237,7.4155,79.838,1.9872
63.39,-1.38,-56.455,80.169,3.3687,25.314,0.67822,11.171,79.838,1.9872
49.379,-1.5222,-28.436,80.139,3.3711,29.24,0.72091,8.5376,79.838,1.9872
46.168,-1.5146,1.5103,80.108,3.3736,32.533,0.78437,12.693,79.838,1.9872
43.656,-1.3804,26.844,80.078,3.3761,36.713,0.90069,23.262,79.838,1.9872
38.425,-1.1391,48.251,80.047,3.3788,41.833,1.0043,20.728,79.838,1.9872
32.785,-0.84912,58.005,80.017,3.3816,46.9,1.037,6.5338,79.838,1.9872
27.278,-0.79929,9.9667,79.987,3.3845,52.294,1.048,2.2055,79.838,1.9872
21.979,-1.0635,-52.834,79.956,3.3874,58.387,1.0407,-1.4559,79.838,1.9872
16.986,-1.0886,-5.033,79.925,3.3904,63.06,0.93518,-21.112,79.838,1.9872
12.665,-0.81797,54.131,79.895,3.3935,65.689,0.75059,-36.918,79.838,1.9872
9.6703,-0.617,40.194,79.864,3.3966,68.367,0.56378,-37.363,79.838,1.9872
7.7849,-0.47615,28.17,79.834,3.3997,71.316,0.38602,-35.552,79.838,1.9872
6.2841,-0.32227,30.775,79.803,3.4029,72.481,0.22776,-31.651,79.838,1.9872
5.1376,-0.17908,28.639,79.773,3.4061,72.524,0.13546,-18.461,79.838,1.9872
4.5321,-0.054044,25.007,79.742,3.4093,72.934,0.10247,-6.5966,79.838,1.9872
4.7796,0.05861,22.531,79.712,3.4125,73.371,0.063302,-7.8341,79.838,1.9872
5.7681,0.15878,20.034,79.681,3.4157,73.658,0.032006,-6.2591,79.838,1.9872
7.069,0.24251,16.745,79.651,3.4189,74.075,0.054877,4.5741,79.838,1.9872
8.5354,0.29117,9.7336,79.621,3.4222,74.521,0.086306,6.2858,79.838,1.9872
10.08,0.28901,-0.43286,79.59,3.4254,74.763,0.069033,-3.4547,79.838,1.9872
11.332,0.24796,-8.2094,79.56,3.4286,74.958,0.049303,-3.9458,79.838,1.9872
12.087,0.1916,-11.272,79.529,3.4318,75.213,0.050166,0.17253,79.838,1.9872
12.66,0.14108,-10.105,79.499,3.4351,75.409,0.040843,-1.8646,79.838,1.9872
13.166,0.080943,-12.027,79.469,3.4383,75.549,0.026462,-2.8763,79.838,1.9872
13.435,0.010831,-14.022,79.439,3.4415,75.741,0.020572,-1.1779,79.838,1.9872
13.564,-0.0098591,-4.1381,79.408,3.4447,75.881,0.015285,-1.0575,79.838,1.9872
13.702,0.035147,9.0012,79.378,3.4479,75.79,0.0082775,-1.4015,79.838,1.9872
13.929,0.115,15.97,79.348,3.451,75.735,0.011273,0.59908,79.838,1.9872
14.734,0.24439,25.879,79.318,3.4542,75.933,0.022536,2.2526,79.838,1.9872
17.129,0.44264,39.649,79.288,3.4573,76.166,0.034183,2.3294,79.838,1.9872
20.921,0.66523,44.518,79.258,3.4605,76.376,0.047793,2.7221,79.838,1.9872
24.761,0.83462,33.878,79.228,3.4636,76.7,0.062263,2.8939,79.838,1.9872
28.998,0.87364,7.8057,79.198,3.4667,77.061,0.067008,0.94898,79.838,1.9872
33.955,0.81068,-12.593,79.168,3.4698,77.326,0.061324,-1.1368,79.838,1.9872
38.063,0.74907,-12.323,79.139,3.4728,77.607,0.059513,-0.36223,79.838,1.9872
40.471,0.68024,-13.766,79.109,3.4758,77.921,0.059161,-0.0704,79.838,1.9872
41.893,0.55391,-25.265,79.079,3.4788,78.147,0.048549,-2.1224,79.838,1.9872
43.374,0.30739,-49.305,79.05,3.4818,78.313,0.033325,-3.0448,79.838,1.9872
45.442,-0.045803,-70.638,79.02,3.4848,78.492,0.020685,-2.528,79.838,1.9872
45.421,-0.32519,-55.877,78.991,3.4877,78.553,0.0065344,-2.8301,79.838,1.9872
41.142,-0.5177,-38.503,78.962,3.4906,78.413,-0.0069127,-2.6894,79.847,1.9872
35.58,-0.71883,-40.226,78.933,3.4935,78.295,-0.011093,-0.83606,79.856,1.9872
31.346,-0.80194,-16.622,78.903,3.4963,78.282,-0.01272,-0.32531,79.865,1.9872
29.71,-0.63155,34.079,78.874,3.4991,78.227,-0.018758,-1.2078,79.874,1.9872
29.749,-0.23562,79.185,78.845,3.5018,78.124,-0.023089,-0.86614,79.883,1.9872
29.173,0.2642,99.964,78.817,3.5046,78.04,-0.025084,-0.39907,79.892,1.9872
31.24,0.68431,84.022,78.788,3.5072,77.844,-0.036268,-2.2367,79.901,1.9872
37.665,0.90856,44.851,78.759,3.5099,77.486,-0.052008,-3.1481,79.91,1.9872
43.763,0.96734,11.755,78.731,3.5125,77.177,-0.058275,-1.2534,79.919,1.9872
47.868,0.89822,-13.825,78.702,3.515,76.893,-0.072314,-2.8077,79.928,1.9872
51.145,0.74163,-31.317,78.674,3.5176,76.416,-0.10393,-6.324,79.937,1.9872
53.459,0.52257,-43.813,78.646,3.5201,75.782,-0.12952,-5.1182,79.946,1.9872
54.43,0.28358,-47.797,78.618,3.5226,75.117,-0.14243,-2.5809,79.955,1.9872
55.146,0.176,-21.516,78.59,3.5251,74.142,-0.16082,-3.6787,79.964,1.9872
56.547,0.22492,9.7828,78.562,3.5275,72.776,-0.2027,-8.3756,79.973,1.9872
58.419,0.31271,17.558,78.534,3.53,71.546,-0.27756,-14.972,79.982,1.9872
60.36,0.39289,16.037,78.506,3.5325,70.118,-0.39814,-24.116,79.992,1.9872
62.106,0.43026,7.4737,78.479,3.5349,67.553,-0.55754,-31.88,80.001,1.9872
64.046,0.33202,-19.649,78.452,3.5374,63.824,-0.69201,-26.894,80.01,1.9872
66.175,0.19206,-27.991,78.424,3.54,59.32,-0.79539,-20.676,80.019,1.9872
67.258,0.2141,4.4086,78.397,3.5425,54.435,-0.92896,-26.714,80.028,1.9872
66.83,0.29005,15.189,78.37,3.5451,49.535,-1.038,-21.813,80.037,1.9872
66.476,0.23208,-11.593,78.344,3.5477,44.914,-1.0506,-2.5234,80.047,1.9872
67.555,0.059778,-34.461,78.317,3.5504,40.216,-1.0127,7.5787,80.056,1.9872
70.332,-0.15642,-43.241,78.29,3.5531,34.429,-0.96515,9.5198,80.065,1.9872
69.903,-0.3845,-45.615,78.264,3.5558,29.134,-0.8813,16.77,80.074,1.9872
63.305,-0.59939,-42.978,78.238,3.5586,26.136,-0.78066,20.128,80.083,1.9872
56.946,-0.7768,-35.481,78.212,3.5614,23.28,-0.70403,15.326,80.093,1.9872
53.808,-0.89045,-22.73,78.186,3.5642,19.748,-0.63909,12.988,80.102,1.9872
50.933,-0.88447,1.1958,78.16,3.5669,16.911,-0.56477,14.865,80.111,1.9872
47.607,-0.73577,29.739,78.135,3.5696,14.395,-0.5236,8.2328,80.121,1.9872
44.789,-0.52657,41.842,78.109,3.5723,11.256,-0.52709,-0.6977,80.13,1.9872
42.031,-0.46207,12.899,78.084,3.5749,8.6411,-0.48829,7.7606,80.139,1.9872
38.884,-0.54227,-16.04,78.059,3.5775,7.2489,-0.38531,20.596,80.148,1.9872
36.271,-0.54727,-1.0004,78.033,3.5801,5.9553,-0.30192,16.676,80.158,1.9872
34.197,-0.49981,9.4914,78.009,3.5827,4.3086,-0.23799,12.786,80.167,1.9872
31.749,-0.50313,-0.66388,77.984,3.5853,3.4222,-0.16428,14.743,80.176,1.9872
29.037,-0.50987,-1.3485,77.959,3.5878,3.1275,-0.11262,10.332,80.186,1.9872
26.719,-0.47657,6.66,77.935,3.5903,2.6897,-0.095089,3.5067,80.195,1.9872
24.472,-0.43365,8.5838,77.91,3.5928,2.2217,-0.072558,4.5062,80.204,1.9872
22.108,-0.3815,10.431,77.886,3.5953,1.9465,-0.045583,5.395,80.214,1.9872
20.767,-0.29515,17.27,77.862,3.5978,1.7365,-0.045651,-0.013669,80.223,1.9872
20.25,-0.19839,19.352,77.838,3.6003,1.508,-0.060381,-2.946,80.233,1.9872
19.642,-0.1263,14.417,77.814,3.6027,1.2342,-0.054257,1.2248,80.242,1.9872
18.979,-0.079232,9.4144,77.79,3.6052,0.96831,-0.039632,2.9251,80.251,1.9872
18.707,-0.049659,5.9147,77.766,3.6076,0.80168,-0.0298,1.9664,80.261,1.9872
18.575,-0.045021,0.9275,77.743,3.6101,0.73858,-0.016521,2.6557,80.27,1.9872
18.39,-0.049912,-0.9782,77.719,3.6125,0.78733,0.0071576,4.7358,80.279,1.9873
18.169,-0.030303,3.9219,77.696,3.6149,0.98579,0.037498,6.0682,80.289,1.9875
18.03,-0.0043675,5.187,77.673,3.6174,1.304,0.062695,5.0394,80.298,1.9876
18.129,0.012363,3.3461,77.649,3.6198,1.6747,0.079299,3.3207,80.308,1.9878
18.4,0.042142,5.9558,77.626,3.6222,2.1539,0.099754,4.091,80.317,1.9879
18.741,0.07691,6.9535,77.603,3.6247,2.7893,0.11985,4.0195,80.326,1.9881
19.183,0.078744,0.36691,77.581,3.6271,3.3784,0.12332,0.69285,80.336,1.9882
19.752,0.083861,1.0234,77.558,3.6295,3.8989,0.10846,-2.9704,80.345,1.9884
20.432,0.12329,7.8852,77.535,3.632,4.6172,0.093397,-3.0134,80.355,1.9885
21.085,0.17804,10.95,77.513,3.6344,5.3941,0.1182,4.9611,80.364,1.9887
21.6,0.21904,8.2006,77.49,3.6368,5.9692,0.19189,14.737,80.373,1.9888
22.733,0.22635,1.4627,77.468,3.6393,6.9044,0.29043,19.709,80.383,1.989
24.696,0.19126,-7.0178,77.446,3.6417,8.8165,0.39503,20.92,80.392,1.9891
25.739,0.12134,-13.985,77.424,3.6442,11.701,0.48991,18.976,80.402,1.9893
25.559,0.051074,-14.053,77.402,3.6466,14.956,0.52761,7.5402,80.411,1.9894
25.162,0.018592,-6.4965,77.38,3.649,17.571,0.49629,-6.2647,80.421,1.9896
25.134,0.055647,7.411,77.358,3.6515,19.763,0.48837,-1.5836,80.43,1.9897
25.738,0.16241,21.352,77.336,3.6539,22.153,0.54041,10.407,80.439,1.9899
27.334,0.30556,28.632,77.314,3.6564,24.705,0.6048,12.878,80.449,1.99
29.945,0.42571,24.028,77.293,3.6589,27.776,0.70754,20.549,80.458,1.9901
32.797,0.45554,5.9677,77.271,3.6613,32.919,0.89032,36.556,80.468,1.9903
35.141,0.42363,-6.3831,77.25,3.6638,39.611,1.0889,39.708,80.477,1.9904
36.396,0.36983,-10.759,77.228,3.6662,44.968,1.2194,26.106,80.486,1.9906
37.042,0.26953,-20.061,77.207,3.6687,50.01,1.28,12.124,80.496,1.9907
38.116,0.1686,-20.186,77.186,3.6712,56.979,1.2619,-3.6208,80.505,1.9909
39.64,0.1839,3.0606,77.165,3.6737,63.64,1.1336,-25.653,80.514,1.991
41.26,0.29883,22.985,77.143,3.6762,68.09,0.93033,-40.662,80.524,1.9911
42.554,0.4035,20.934,77.122,3.6786,71.466,0.7275,-40.565,80.533,1.9913
44.346,0.50373,20.047,77.101,3.6811,74.108,0.51687,-42.126,80.543,1.9914
48.208,0.60002,19.258,77.08,3.6836,75.254,0.27979,-47.416,80.552,1.9916
52.47,0.60508,1.0114,77.06,3.6861,75.528,0.11925,-32.109,80.561,1.9917
54.845,0.56183,-8.6504,77.039,3.6887,76.043,0.078926,-8.0638,80.571,1.9919
57.223,0.61519,10.673,77.018,3.6912,76.657,0.066146,-2.5561,80.58,1.992
61.075,0.73699,24.36,76.997,3.6937,76.964,0.04822,-3.5851,80.589,1.9921
64.18,0.80909,14.42,76.977,3.6962,77.223,0.054391,1.2343,80.599,1.9923
67.337,0.84122,6.4264,76.956,3.6987,77.527,0.06396,1.9136,80.608,1.9924
73.567,0.84712,1.1792,76.936,3.7013,77.713,0.051042,-2.5835,80.617,1.9926
79.566,0.75036,-19.351,76.915,3.7038,77.864,0.039416,-2.3252,80.627,1.9927
80.965,0.53853,-42.366,76.895,3.7064,78.1,0.045778,1.2723,80.636,1.9929
80.602,0.31788,-44.131,76.874,3.709,78.405,0.051961,1.2368,80.645,1.993
81.245,0.1296,-37.656,76.854,3.7116,78.721,0.051887,-0.014941,80.654,1.9932
81.683,-0.041426,-34.204,76.834,3.7142,78.988,0.055765,0.77566,80.664,1.9933
81.667,-0.094498,-10.615,76.814,3.7169,79.227,0.060297,0.90643,80.673,1.9935
81.551,-0.013066,16.286,76.793,3.7196,79.492,0.05987,-0.085422,80.682,1.9936
81.373,-0.0084707,0.91902,76.773,3.7224,79.806,0.0587,-0.23404,80.692,1.9938
81.121,-0.093255,-16.957,76.753,3.7252,80.154,0.058042,-0.13163,80.701,1.9939
80.857,-0.058,7.051,76.733,3.728,80.452,0.055707,-0.46689,80.71,1.9941
80.384,0.03113,17.826,76.713,3.7308,80.687,0.052664,-0.60861,80.719,1.9943
79.325,-0.016764,-9.5789,76.693,3.7337,80.9,0.0489,-0.7528,80.728,1.9944
78.555,-0.22184,-41.016,76.673,3.7366,81.098,0.043022,-1.1757,80.738,1.9946
78.491,-0.52482,-60.596,76.653,3.7396,81.279,0.036082,-1.3879,80.747,1.9947
75.473,-0.84468,-63.971,76.633,3.7425,81.467,0.029745,-1.2674,80.756,1.9949
67.619,-1.0937,-49.81,76.613,3.7456,81.634,0.023422,-1.2646,80.765,1.9951
59.243,-1.219,-25.059,76.593,3.7486,81.683,0.01526,-1.6323,80.774,1.9952
53.031,-1.2505,-6.2964,76.573,3.7517,81.649,0.0083048,-1.3911,80.783,1.9954
48.44,-1.2061,8.8895,76.553,3.7548,81.631,0.00088629,-1.4837,80.792,1.9956
44.572,-1.0486,31.501,76.533,3.7579,81.59,-0.017082,-3.5936,80.802,1.9957
40.521,-0.85744,38.222,76.513,3.761,81.462,-0.040489,-4.6815,80.811,1.9959
35.621,-0.80862,9.7641,76.493,3.7642,81.22,-0.053917,-2.6856,80.82,1.9961
30.275,-0.87518,-13.311,76.473,3.7673,80.819,-0.069995,-3.2157,80.829,1.9963
26.085,-0.87876,-0.71646,76.453,3.7704,80.188,-0.10066,-6.132,80.838,1.9964
22.776,-0.79646,16.461,76.433,3.7736,79.495,-0.13348,-6.5645,80.847,1.9966
19.113,-0.67839,23.614,76.412,3.7767,78.943,-0.1571,-4.7253,80.856,1.9968
16.047,-0.55202,25.275,76.392,3.7797,78.167,-0.17425,-3.4284,80.865,1.997
14.249,-0.45123,20.157,76.372,3.7828,76.89,-0.19417,-3.9845,80.874,1.9972
12.546,-0.39029,12.189,76.352,3.7858,75.715,-0.22398,-5.9622,80.883,1.9973
10.574,-0.33562,10.933,76.332,3.7887,74.752,-0.2448,-4.1632,80.892,1.9975
9.2348,-0.24251,18.622,76.311,3.7917,73.577,-0.24654,-0.34804,80.901,1.9977
8.6208,-0.12386,23.732,76.291,3.7945,72.11,-0.23841,1.6258,80.91,1.9979
8.5477,0.005311,25.833,76.271,3.7973,70.539,-0.2508,-2.4775,80.918,1.9981
9.32,0.14189,27.315,76.25,3.8,69.053,-0.33048,-15.938,80.927,1.9982
11.117,0.30287,32.196,76.23,3.8027,67.474,-0.45957,-25.816,80.936,1.9984
13.794,0.52466,44.358,76.209,3.8054,64.877,-0.56946,-21.98,80.945,1.9986
17.154,0.74487,44.043,76.188,3.808,61.112,-0.65655,-17.418,80.954,1.9988
20.972,0.8876,28.545,76.168,3.8107,56.728,-0.73846,-16.381,80.963,1.999
25.487,0.93434,9.3491,76.147,3.8133,52.565,-0.79229,-10.766,80.971,1.9991
31.343,0.88759,-9.3497,76.126,3.816,49.299,-0.79012,0.43259,80.98,1.9993
36.216,0.74644,-28.231,76.105,3.8188,46.106,-0.73101,11.823,80.989,1.9995
37.762,0.56205,-36.879,76.084,3.8216,42.195,-0.67326,11.551,80.998,1.9997
38.654,0.40957,-30.495,76.063,3.8244,38.396,-0.68306,-1.9603,81.006,1.9999
40.211,0.29101,-23.712,76.042,3.8272,35.072,-0.75215,-13.818,81.015,2.0
41.297,0.18802,-20.597,76.021,3.8301,31.469,-0.83561,-16.693,81.024,2.0002
42.125,0.1021,-17.186,75.999,3.8329,27.038,-0.88598,-10.074,81.032,2.0004
43.451,0.060851,-8.2491,75.978,3.8359,21.91,-0.883,0.59639,81.041,2.0005
43.962,0.053676,-1.4349,75.956,3.8388,17.236,-0.85005,6.5906,81.049,2.0007
42.79,0.022444,-6.2464,75.935,3.8417,13.59,-0.78675,12.659,81.058,2.0009
41.72,-0.0084541,-6.1797,75.913,3.8447,10.628,-0.66815,23.72,81.067,2.0011
41.906,-0.022704,-2.85,75.891,3.8477,8.1327,-0.52367,28.896,81.075,2.0012
43.225,-0.018499,0.84104,75.869,3.8507,6.0513,-0.39866,25.003,81.084,2.0014
43.836,-0.019041,-0.10845,75.847,3.8537,4.4427,-0.29756,20.22,81.092,2.0016
42.137,-0.082763,-12.744,75.825,3.8567,3.3251,-0.21546,16.42,81.1,2.0017
40.375,-0.25453,-34.354,75.802,3.8598,2.5198,-0.14163,14.765,81.109,2.0019
39.659,-0.39192,-27.477,75.78,3.8629,2.0067,-0.086488,11.029,81.117,2.0021
38.368,-0.34211,9.9616,75.757,3.8659,1.9677,-0.063054,4.6868,81.126,2.0022
36.118,-0.14298,39.826,75.734,3.869,2.0124,-0.058086,0.99369,81.134,2.0024
35.43,0.1276,54.115,75.712,3.8721,1.5326,-0.058208,-0.024365,81.142,2.0026
38.114,0.40319,55.119,75.688,3.8752,0.84715,-0.059692,-0.29678,81.151,2.0027
43.359,0.61234,41.83,75.665,3.8783,0.4245,-0.058891,0.16012,81.159,2.0029
47.541,0.76174,29.88,75.642,3.8814,0.37843,-0.052326,1.3129,81.167,2.0031
50.456,0.84922,17.496,75.618,3.8845,0.53225,-0.028795,4.7062,81.175,2.0033
54.31,0.85408,0.97256,75.595,3.8876,0.57673,0.013836,8.5262,81.184,2.0034
58.614,0.8144,-7.9362,75.571,3.8908,0.57905,0.052061,7.6451,81.192,2.0036
62.234,0.81172,-0.53576,75.547,3.8939,0.82455,0.069017,3.3911,81.2,2.0038
66.363,0.852,8.0564,75.523,3.897,1.3071,0.0775,1.6966,81.208,2.004
71.297,0.84482,-1.4367,75.499,3.9001,1.9012,0.085921,1.6842,81.216,2.0042
75.412,0.68845,-31.274,75.474,3.9032,2.3938,0.091601,1.1362,81.224,2.0043
77.873,0.47866,-41.957,75.449,3.9063,2.7404,0.087313,-0.85773,81.232,2.0045
79.036,0.33745,-28.244,75.425,3.9094,3.0328,0.070226,-3.4173,81.24,2.0047
79.302,0.22232,-23.024,75.4,3.9125,3.3196,0.049454,-4.1544,81.248,2.0049
79.092,0.088396,-26.786,75.374,3.9156,3.6242,0.048158,-0.25929,81.256,2.0051
79.094,-0.055071,-28.693,75.349,3.9186,3.9934,0.082134,6.7954,81.264,2.0053
79.216,-0.26303,-41.593,75.323,3.9217,4.4975,0.13308,10.188,81.272,2.0055
77.368,-0.58342,-64.078,75.298,3.9247,5.2508,0.16564,6.5129,81.28,2.0057
72.356,-0.91516,-66.348,75.272,3.9277,6.3509,0.19471,5.8135,81.287,2.0058
65.48,-1.146,-46.166,75.246,3.9307,7.8091,0.23375,7.8094,81.295,2.006
57.901,-1.298,-30.397,75.22,3.9337,9.1288,0.25634,4.5179,81.303,2.0062
50.723,-1.3658,-13.567,75.193,3.9366,10.026,0.25247,-0.77481,81.311,2.0064
45.262,-1.3039,12.39,75.167,3.9394,11.2,0.24901,-0.69295,81.318,2.0066
41.174,-1.1536,30.052,75.14,3.9423,13.118,0.27697,5.5925,81.326,2.0068
35.94,-1.0217,26.389,75.113,3.9451,14.886,0.35606,15.818,81.333,2.007
29.513,-0.94326,15.682,75.086,3.9479,16.676,0.4848,25.748,81.341,2.0072
24.785,-0.88471,11.708,75.059,3.9506,19.683,0.64422,31.885,81.349,2.0074
21.435,-0.8306,10.823,75.032,3.9533,23.991,0.80234,31.623,81.356,2.0076
18.03,-0.75175,15.769,75.004,3.956,28.886,0.9223,23.992,81.364,2.0078
14.835,-0.6267,25.011,74.977,3.9587,33.948,0.97875,11.29,81.371,2.008
12.152,-0.50237,24.865,74.949,3.9614,38.921,0.9867,1.5887,81.378,2.0082
9.7911,-0.44096,12.283,74.921,3.964,43.653,0.94879,-7.5815,81.386,2.0084
7.7775,-0.39553,9.0845,74.894,3.9667,47.913,0.87834,-14.089,81.393,2.0086
6.4112,-0.29324,20.459,74.866,3.9693,51.626,0.82579,-10.511,81.4,2.0087
5.6092,-0.17724,23.2,74.838,3.9719,55.513,0.81691,-1.7757,81.408,2.0089
5.2245,-0.075342,20.38,74.809,3.9745,60.042,0.81146,-1.0893,81.415,2.0091
5.3692,0.034472,21.963,74.781,3.9771,63.993,0.76305,-9.6826,81.422,2.0093
6.0974,0.15205,23.515,74.753,3.9796,67.186,0.67623,-17.364,81.429,2.0095
7.3526,0.26442,22.475,74.724,3.9822,70.377,0.56744,-21.759,81.436,2.0097
9.1529,0.36936,20.988,74.696,3.9848,72.767,0.43822,-25.844,81.443,2.0099
11.491,0.45801,17.729,74.667,3.9873,73.698,0.30753,-26.137,81.45,2.0101
14.11,0.50919,10.237,74.639,3.9899,74.408,0.219,-17.707,81.457,2.0103
16.765,0.51769,1.6993,74.61,3.9924,75.662,0.17526,-8.7469,81.464,2.0105
19.301,0.49441,-4.6553,74.581,3.995,76.651,0.13691,-7.6711,81.471,2.0107
21.559,0.44654,-9.5749,74.552,3.9975,77.197,0.12295,-2.7911,81.478,2.0109
23.46,0.39325,-10.658,74.523,4.0001,77.748,0.13898,3.2052,81.485,2.011
25.263,0.36828,-4.9933,74.494,4.0026,78.307,0.12182,-3.4306,81.492,2.0112
27.232,0.39767,5.8782,74.465,4.0051,78.634,0.0648,-11.405,81.498,2.0114
29.451,0.48801,18.068,74.436,4.0077,78.931,0.025756,-7.8087,81.505,2.0116
32.076,0.59463,21.324,74.407,4.0102,79.241,0.017255,-1.7003,81.512,2.0118
35.356,0.65406,11.885,74.378,4.0127,79.072,0.013956,-0.65982,81.518,2.012
38.951,0.61498,-7.8164,74.349,4.0153,78.698,0.012056,-0.38007,81.525,2.0122
42.066,0.47376,-28.242,74.32,4.0178,78.905,0.018841,1.3572,81.532,2.0124
43.896,0.30248,-34.256,74.29,4.0204,79.442,0.031776,2.5869,81.538,2.0126
44.017,0.15683,-29.13,74.261,4.0229,79.8,0.045289,2.7026,81.545,2.0127
43.51,0.05199,-20.968,74.232,4.0254,79.95,0.059893,2.9209,81.551,2.0129
43.571,0.080134,5.6288,74.203,4.028,80.015,0.066258,1.2729,81.557,2.0131
45.028,0.2687,37.713,74.173,4.0305,80.274,0.052792,-2.6932,81.564,2.0133
47.724,0.50537,47.335,74.144,4.0331,80.64,0.035433,-3.4718,81.57,2.0135
50.425,0.61594,22.114,74.115,4.0357,80.88,0.031589,-0.76876,81.576,2.0137
53.101,0.46133,-30.923,74.085,4.0382,80.979,0.030811,-0.15548,81.582,2.0138
55.479,0.063887,-79.488,74.056,4.0408,80.985,0.019354,-2.2914,81.589,2.014
54.259,-0.41805,-96.388,74.027,4.0434,80.896,-0.0050209,-4.875,81.595,2.0142
49.049,-0.76926,-70.242,73.998,4.046,80.737,-0.038806,-6.757,81.601,2.0144
42.366,-0.87005,-20.158,73.968,4.0486,80.547,-0.071272,-6.4931,81.607,2.0145
37.335,-0.74933,24.144,73.939,4.0512,80.208,-0.09178,-4.1017,81.613,2.0147
36.176,-0.44015,61.836,73.91,4.0538,79.578,-0.096873,-1.0186,81.619,2.0149
38.173,0.047694,97.57,73.881,4.0565,78.913,-0.087833,1.808,81.624,2.0151
41.755,0.52206,94.872,73.852,4.0591,78.501,-0.065235,4.5197,81.63,2.0152
44.708,0.72497,40.582,73.823,4.0617,78.444,-0.034288,6.1893,81.636,2.0154
47.459,0.71218,-2.5571,73.794,4.0644,78.605,-0.010772,4.7031,81.642,2.0156
51.281,0.63145,-16.147,73.765,4.0671,78.599,-0.0078357,0.58731,81.647,2.0158
54.506,0.5832,-9.6494,73.736,4.0697,78.394,-0.030961,-4.625,81.653,2.0159
55.979,0.60673,4.7058,73.707,4.0723,78.06,-0.073013,-8.4105,81.659,2.0161
58.619,0.65855,10.364,73.678,4.0749,77.433,-0.11475,-8.3478,81.664,2.0163
63.668,0.7022,8.7292,73.65,4.0775,76.519,-0.14506,-6.0621,81.67,2.0165
67.832,0.69561,-1.3168,73.621,4.08,75.602,-0.16774,-4.5356,81.675,2.0166
70.458,0.62346,-14.43,73.593,4.0825,74.686,-0.19817,-6.085,81.68,2.0168
72.291,0.47668,-29.356,73.564,4.0849,73.541,-0.25695,-11.757,81.686,2.017
73.456,0.22648,-50.041,73.536,4.0873,71.904,-0.35106,-18.822,81.691,2.0171
73.595,-0.085602,-62.416,73.507,4.0896,69.587,-0.47841,-25.471,81.696,2.0173
71.927,-0.34393,-51.667,73.479,4.0918,66.526,-0.62299,-28.916,81.701,2.0175
68.657,-0.53124,-37.46,73.451,4.094,62.822,-0.73712,-22.826,81.706,2.0177
65.149,-0.70604,-34.96,73.423,4.0961,58.716,-0.77954,-8.4837,81.711,2.0178
61.421,-0.81609,-22.012,73.395,4.0983,54.657,-0.74685,6.5391,81.716,2.018
57.105,-0.83172,-3.125,73.367,4.1005,51.123,-0.66244,16.881,81.721,2.0182
52.87,-0.79118,8.1078,73.339,4.1028,48.352,-0.55981,20.526,81.726,2.0183
49.32,-0.72514,13.208,73.311,4.1051,46.044,-0.53091,5.7799,81.73,2.0185
46.316,-0.65274,14.48,73.283,4.1074,43.304,-0.64265,-22.347,81.735,2.0187
43.532,-0.5961,11.327,73.255,4.1098,39.54,-0.84031,-39.532,81.74,2.0189
40.572,-0.5555,8.1208,73.227,4.1122,34.452,-1.0355,-39.037,81.744,2.019
37.675,-0.52772,5.555,73.199,4.1147,27.899,-1.1924,-31.381,81.749,2.0192
35.287,-0.51812,1.921,73.171,4.1171,20.311,-1.2731,-16.136,81.753,2.0194
32.734,-0.53484,-3.3452,73.143,4.1196,14.047,-1.244,5.8226,81.757,2.0196
29.666,-0.55969,-4.97,73.115,4.1221,9.9371,-1.0912,30.558,81.762,2.0197
27.011,-0.56929,-1.9184,73.087,4.1246,6.2227,-0.83955,50.324,81.766,2.0199
24.701,-0.54583,4.6916,73.059,4.1271,2.5683,-0.55065,57.781,81.77,2.0201
21.864,-0.48565,12.037,73.031,4.1297,0.50513,-0.29446,51.237,81.774,2.0203
19.274,-0.39595,17.939,73.002,4.1322,0.14448,-0.11398,36.097,81.778,2.0205
18.194,-0.27042,25.106,72.974,4.1348,0.84468,-0.005706,21.654,81.782,2.0206
18.137,-0.10535,33.015,72.945,4.1373,1.5742,0.07651,16.443,81.786,2.0208
18.499,0.064658,34.001,72.916,4.1399,1.7949,0.11894,8.4863,81.79,2.021
19.183,0.20481,28.031,72.887,4.1424,1.8391,0.08338,-7.1123,81.793,2.0212
20.484,0.31103,21.244,72.858,4.1449,1.8836,0.012428,-14.19,81.797,2.0214
22.816,0.37393,12.579,72.828,4.1474,1.8473,-0.025822,-7.65,81.8,2.0216
25.247,0.40283,5.78,72.799,4.1499,1.7705,-0.026412,-0.11803,81.804,2.0217
26.809,0.42306,4.0468,72.769,4.1524,1.7399,-0.0046995,4.3426,81.807,2.0219
28.742,0.44054,3.4966,72.739,4.1548,1.7769,0.017212,4.3823,81.811,2.0221
31.604,0.46424,4.7391,72.709,4.1571,1.88,0.023649,1.2873,81.814,2.0223
34.03,0.50555,8.2626,72.678,4.1594,2.037,0.014632,-1.8033,81.817,2.0225
36.374,0.55847,10.583,72.648,4.1617,2.1983,0.0090168,-1.1231,81.82,2.0227
39.689,0.62321,12.948,72.617,4.1639,2.2942,0.011651,0.52682,81.823,2.0228
43.543,0.6986,15.077,72.585,4.166,2.2903,0.013465,0.3629,81.826,2.023
47.164,0.75762,11.804,72.554,4.168,2.2604,0.04286,5.879,81.829,2.0232
50.513,0.78444,5.3652,72.522,4.17,2.6721,0.11777,14.982,81.831,2.0234
53.674,0.70261,-16.366,72.49,4.1719,3.6844,0.17541,11.529,81.834,2.0236
56.699,0.44564,-51.394,72.457,4.1739,4.6686,0.15547,-3.9887,81.837,2.0238
58.309,0.082114,-72.706,72.425,4.176,5.7838,0.17206,3.319,81.839,2.024
56.767,-0.30003,-76.429,72.391,4.1783,7.2623,0.24352,14.292,81.841,2.0241
52.577,-0.65844,-71.681,72.358,4.1806,8.0388,0.22373,-3.9585,81.844,2.0243
46.974,-0.94145,-56.601,72.324,4.1828,8.3812,0.20496,-3.7535,81.846,2.0245
41.531,-1.0857,-28.858,72.29,4.185,10.714,0.38078,35.163,81.848,2.0247
37.036,-1.0272,11.703,72.255,4.1871,15.389,0.69556,62.956,81.85,2.0249
33.232,-0.78757,47.931,72.221,4.1891,18.735,1.0117,63.232,81.852,2.0251
30.301,-0.52268,52.978,72.185,4.191,23.311,1.3042,58.505,81.854,2.0252
28.716,-0.31536,41.464,72.15,4.1929,33.413,1.5228,43.716,81.856,2.0254
28.523,-0.12144,38.784,72.114,4.1949,43.536,1.5781,11.058,81.857,2.0256
29.232,0.039723,32.232,72.078,4.1969,49.557,1.4895,-17.724,81.859,2.0258
29.544,0.15411,22.878,72.042,4.1989,54.862,1.3336,-31.18,81.86,2.026
30.055,0.27257,23.692,72.005,4.2009,60.63,1.1053,-45.65,81.862,2.0261
32.502,0.39651,24.788,71.969,4.203,64.842,0.78693,-63.684,81.863,2.0263
35.61,0.49452,19.602,71.932,4.205,67.691,0.55085,-47.214,81.864,2.0265
38.12,0.59428,19.952,71.894,4.2071,70.157,0.47231,-15.708,81.865,2.0267
41.807,0.73582,28.307,71.857,4.2092,71.996,0.3743,-19.603,81.866,2.0268
46.957,0.93178,39.193,71.819,4.2113,73.088,0.23693,-27.474,81.867,2.027
51.758,1.1305,39.753,71.781,4.2133,73.866,0.18123,-11.139,81.868,2.0272
57.068,1.2654,26.969,71.742,4.2154,74.656,0.1785,-0.54678,81.869,2.0274
64.256,1.2987,6.6669,71.704,4.2174,75.622,0.15852,-3.9955,81.869,2.0275
71.664,1.1811,-23.529,71.665,4.2194,76.566,0.1421,-3.2839,81.87,2.0277
77.219,0.93969,-48.276,71.626,4.2214,77.257,0.13948,-0.52477,81.87,2.0279
79.745,0.6737,-53.198,71.587,4.2234,77.738,0.12616,-2.6634,81.87,2.0281
80.213,0.42129,-50.482,71.548,4.2254,78.132,0.10263,-4.7067,81.87,2.0282
80.88,0.19782,-44.694,71.508,4.2274,78.578,0.084478,-3.6299,81.87,2.0284
81.978,0.068043,-25.956,71.469,4.2293,79.048,0.074038,-2.088,81.87,2.0286
82.882,0.057628,-2.0829,71.429,4.2313,79.428,0.070728,-0.66187,81.87,2.0287
83.505,0.12227,12.928,71.389,4.2332,79.766,0.072174,0.28918,81.87,2.0289
83.883,0.11785,-0.8839,71.348,4.2352,80.122,0.072586,0.082306,81.87,2.0291
83.807,-0.085181,-40.606,71.308,4.2372,80.441,0.070353,-0.44663,81.869,2.0292
83.408,-0.14035,-11.034,71.268,4.2392,80.747,0.071664,0.26231,81.869,2.0294
83.152,0.13911,55.891,71.227,4.2412,81.194,0.079699,1.607,81.868,2.0296
82.453,0.19272,10.724,71.186,4.2432,81.702,0.085811,1.2224,81.867,2.0298
80.709,-0.14501,-67.547,71.145,4.2452,82.081,0.085698,-0.022512,81.866,2.0299
80.758,-0.63047,-97.093,71.104,4.2472,82.462,0.084064,-0.3268,81.865,2.0301
81.805,-1.0898,-91.87,71.063,4.2492,82.927,0.081276,-0.5577,81.864,2.0303
71.905,-1.454,-72.836,71.021,4.2512,83.294,0.074993,-1.2566,81.863,2.0304
53.733,-1.6867,-46.541,70.98,4.2532,83.567,0.068417,-1.3151,81.861,2.0306
45.206,-1.7608,-14.82,70.938,4.2552,83.899,0.063458,-0.99179,81.86,2.0308
42.503,-1.6697,18.214,70.896,4.2572,84.217,0.051887,-2.3143,81.858,2.0309
37.978,-1.4221,49.535,70.854,4.2591,84.407,0.034262,-3.5249,81.857,2.0311
31.81,-1.043,75.805,70.812,4.2611,84.499,0.021547,-2.5431,81.855,2.0313
25.686,-0.75211,58.185,70.77,4.263,84.501,0.012256,-1.8581,81.853,2.0314
20.643,-0.8326,-16.097,70.727,4.265,84.369,-0.0056059,-3.5724,81.851,2.0316
16.756,-0.97388,-28.256,70.685,4.2669,84.138,-0.045944,-8.0676,81.849,2.0318
13.476,-0.77118,40.539,70.642,4.2688,83.834,-0.10571,-11.953,81.846,2.0319
10.844,-0.50889,52.459,70.599,4.2707,83.219,-0.16463,-11.785,81.844,2.0321
8.9964,-0.35089,31.599,70.556,4.2726,82.117,-0.20887,-8.8477,81.841,2.0323
7.6646,-0.23932,22.314,70.513,4.2744,80.659,-0.23086,-4.3976,81.839,2.0324
6.7851,-0.14069,19.726,70.47,4.2763,79.199,-0.2292,0.33146,81.836,2.0326
6.619,-0.050363,18.066,70.426,4.2781,78.291,-0.20723,4.3939,81.833,2.0328
6.9706,0.015856,13.244,70.383,4.2799,77.803,-0.17047,7.3535,81.83,2.0329
7.1985,0.043772,5.5833,70.339,4.2817,77.2,-0.13345,7.4037,81.827,2.0331
7.327,0.044226,0.090684,70.295,4.2835,76.497,-0.1178,3.1302,81.824,2.0332
7.4652,0.036656,-1.5138,70.251,4.2853,75.763,-0.13026,-2.492,81.821,2.0334
7.5259,0.029931,-1.345,70.207,4.287,74.957,-0.1613,-6.2088,81.817,2.0336
7.5286,0.01743,-2.5001,70.163,4.2888,74.02,-0.19551,-6.8411,81.814,2.0337
7.5882,-0.0010965,-3.7054,70.118,4.2905,72.903,-0.21886,-4.6704,81.81,2.0339
7.7613,-0.012939,-2.3684,70.074,4.2922,71.665,-0.23654,-3.5358,81.806,2.034
8.0159,-0.0025536,2.077,70.029,4.2939,70.347,-0.26569,-5.8313,81.803,2.0342
8.0885,0.05555,11.621,69.984,4.2956,68.853,-0.31397,-9.6558,81.799,2.0343
8.2171,0.14206,17.302,69.939,4.2973,67.128,-0.36262,-9.7295,81.795,2.0345
9.3512,0.23494,18.577,69.894,4.2989,65.179,-0.39069,-5.6144,81.791,2.0346
11.737,0.37681,28.374,69.849,4.3005,62.931,-0.42136,-6.1337,81.787,2.0348
14.712,0.56262,37.161,69.804,4.3022,60.297,-0.47183,-10.094,81.783,2.0349
17.807,0.70184,27.844,69.758,4.3038,57.564,-0.50877,-7.388,81.778,2.0351
20.931,0.7331,6.2526,69.713,4.3053,54.813,-0.60639,-19.524,81.774,2.0352
24.649,0.64429,-17.762,69.667,4.3069,51.048,-0.84761,-48.244,81.769,2.0354
28.264,0.47319,-34.221,69.621,4.3085,45.696,-1.1409,-58.663,81.765,2.0355
29.511,0.27855,-38.928,69.575,4.31,39.393,-1.3413,-40.082,81.76,2.0356
28.745,0.081585,-39.393,69.529,4.3116,31.902,-1.4293,-17.588,81.756,2.0358
27.973,-0.099792,-36.275,69.483,4.3131,22.759,-1.4185,2.1555,81.751,2.0359
27.425,-0.20432,-20.906,69.437,4.3146,15.671,-1.2996,23.773,81.746,2.036
26.943,-0.17799,5.2664,69.39,4.3161,12.404,-1.0849,42.946,81.741,2.0362
26.66,-0.0017672,35.244,69.344,4.3175,9.7151,-0.82174,52.633,81.736,2.0363
27.013,0.21705,43.764,69.297,4.319,5.8441,-0.55974,52.401,81.731,2.0364
28.718,0.34876,26.342,69.25,4.3204,2.9561,-0.33799,44.35,81.726,2.0365
31.615,0.41008,12.265,69.203,4.3219,1.8478,-0.20005,27.586,81.721,2.0367
34.487,0.44477,6.9373,69.156,4.3233,1.8376,-0.13575,12.86,81.715,2.0368
36.466,0.4234,-4.2738,69.109,4.3247,2.1972,-0.043413,18.468,81.71,2.0369
37.204,0.32254,-20.172,69.062,4.3261,2.3585,0.062253,21.133,81.705,2.037
37.983,0.16346,-31.817,69.015,4.3274,2.4019,0.080574,3.6641,81.699,2.0371
39.447,0.11796,-9.1005,68.967,4.3288,2.446,0.023144,-11.486,81.694,2.0372
40.898,0.29087,34.583,68.919,4.3302,2.3635,-0.019354,-8.4996,81.688,2.0373
42.504,0.57562,56.95,68.872,4.3315,2.2214,-0.03264,-2.6573,81.683,2.0374
45.638,0.82947,50.769,68.824,4.3328,2.1402,-0.031844,0.15933,81.677,2.0375
51.611,1.0454,43.196,68.776,4.3341,2.0427,-0.025611,1.2465,81.671,2.0376
59.841,1.1733,25.581,68.728,4.3354,1.8848,-0.021647,0.79287,81.666,2.0377
65.899,1.1768,0.6826,68.68,4.3367,1.8019,-0.012565,1.8164,81.66,2.0378
69.288,1.054,-24.552,68.631,4.3379,1.8643,0.013533,5.2196,81.654,2.0378
72.888,0.82511,-45.779,68.583,4.3392,2.0705,0.046459,6.5851,81.648,2.0379
76.768,0.56761,-51.501,68.534,4.3405,2.4025,0.066706,4.0494,81.642,2.038
78.317,0.33817,-45.887,68.486,4.3417,2.876,0.083911,3.4411,81.636,2.0381
79.0,0.14602,-38.431,68.437,4.343,3.5919,0.11846,6.91,81.63,2.0381
79.923,0.091097,-10.984,68.388,4.3442,4.4594,0.15763,7.8347,81.624,2.0382
80.352,0.15941,13.662,68.339,4.3455,5.2304,0.19658,7.7885,81.618,2.0383
80.055,0.18198,4.5151,68.29,4.3467,6.4324,0.28002,16.688,81.612,2.0383
79.515,0.084847,-19.427,68.241,4.348,8.6659,0.41091,26.178,81.606,2.0384
80.142,-0.15986,-48.941,68.192,4.3493,11.404,0.53241,24.3,81.599,2.0385
81.161,-0.54596,-77.222,68.142,4.3506,14.367,0.64311,22.142,81.593,2.0385
76.569,-0.93576,-77.959,68.093,4.3519,18.426,0.78216,27.809,81.587,2.0386
66.226,-1.2246,-57.76,68.043,4.3532,23.386,0.90404,24.376,81.581,2.0387
57.597,-1.3862,-32.334,67.993,4.3545,27.744,0.94751,8.6941,81.574,2.0387
51.67,-1.4281,-8.3683,67.944,4.3559,32.083,0.97163,4.8248,81.568,2.0388
46.629,-1.3337,18.878,67.894,4.3572,37.601,0.99427,4.5269,81.562,2.0388
42.067,-1.1017,46.386,67.844,4.3584,42.824,0.94956,-8.942,81.555,2.0389
37.643,-0.87227,45.895,67.794,4.3597,46.395,0.84752,-20.407,81.549,2.039
32.468,-0.84582,5.2902,67.744,4.361,49.883,0.74766,-19.971,81.543,2.039
27.156,-0.91734,-14.305,67.694,4.3622,53.84,0.6301,-23.513,81.536,2.0391
23.069,-0.87315,8.8391,67.644,4.3635,56.096,0.46927,-32.167,81.53,2.0391
19.7,-0.75847,22.935,67.594,4.3647,57.199,0.33024,-27.804,81.523,2.0392
16.343,-0.65067,21.56,67.544,4.3659,58.791,0.2621,-13.628,81.517,2.0393
13.396,-0.57775,14.585,67.494,4.3671,60.222,0.2476,-2.9009,81.51,2.0393
11.24,-0.52623,10.303,67.444,4.3683,61.01,0.2577,2.0193,81.504,2.0394
9.1474,-0.46242,12.764,67.394,4.3695,62.23,0.29735,7.9315,81.497,2.0394
6.9747,-0.34118,24.247,67.343,4.3707,64.308,0.34603,9.7364,81.491,2.0395
5.3023,-0.15935,36.365,67.293,4.3718,66.677,0.35134,1.0607,81.484,2.0396
5.1174,0.0096003,33.79,67.243,4.373,68.597,0.34133,-2.0013,81.478,2.0396
6.7789,0.13735,25.55,67.193,4.3741,69.505,0.3324,-1.7863,81.471,2.0397
8.854,0.24515,21.561,67.143,4.3752,70.477,0.28741,-8.9989,81.465,2.0397
10.229,0.31751,14.472,67.094,4.3764,72.09,0.21943,-13.594,81.458,2.0398
11.06,0.31624,-0.25528,67.044,4.3775,73.365,0.1787,-8.1474,81.452,2.0398
11.88,0.26036,-11.176,66.994,4.3786,74.067,0.1671,-2.3199,81.445,2.0399
13.237,0.19641,-12.788,66.944,4.3796,74.597,0.15886,-1.6473,81.439,2.0399
14.561,0.16128,-7.0278,66.895,4.3807,75.162,0.13798,-4.177,81.432,2.04
15.247,0.156,-1.0548,66.845,4.3818,75.846,0.10725,-6.1443,81.426,2.04
15.711,0.14796,-1.6092,66.796,4.3828,76.505,0.10093,-1.2642,81.419,2.0401
16.282,0.12139,-5.3132,66.747,4.3838,77.011,0.11253,2.3185,81.413,2.0401
16.797,0.087867,-6.7045,66.698,4.3848,77.486,0.10768,-0.96993,81.406,2.0402
17.322,0.069026,-3.7683,66.649,4.3858,77.976,0.092679,-2.9995,81.4,2.0402
18.137,0.1087,7.9351,66.6,4.3868,78.389,0.080746,-2.3866,81.394,2.0403
19.278,0.23571,25.402,66.551,4.3878,78.728,0.071884,-1.7724,81.387,2.0403
20.749,0.44149,41.155,66.502,4.3887,79.041,0.066171,-1.1427,81.381,2.0403
23.174,0.67191,46.085,66.454,4.3897,79.365,0.060877,-1.0587,81.375,2.0404
26.994,0.77111,19.84,66.406,4.3906,79.676,0.054658,-1.2439,81.368,2.0404
31.705,0.64933,-24.355,66.358,4.3915,79.893,0.050053,-0.9209,81.362,2.0404
35.331,0.37016,-55.835,66.31,4.3924,80.068,0.0442,-1.1707,81.356,2.0405
35.741,0.034946,-67.043,66.262,4.3933,80.275,0.033788,-2.0823,81.35,2.0405
32.681,-0.2678,-60.549,66.215,4.3941,80.438,0.021126,-2.5325,81.343,2.0405
27.937,-0.48217,-42.873,66.167,4.395,80.489,0.01088,-2.0492,81.337,2.0405
25.12,-0.5606,-15.687,66.12,4.3958,80.462,0.0051714,-1.1417,81.331,2.0406
24.632,-0.47342,17.437,66.073,4.3966,80.404,-2.9762e-05,-1.0402,81.325,2.0406
24.483,-0.26039,42.606,66.027,4.3974,80.348,-0.01045,-2.084,81.319,2.0406
24.017,-0.03588,44.901,65.98,4.3981,80.281,-0.028058,-3.5216,81.313,2.0406
23.396,0.099162,27.009,65.934,4.3989,80.143,-0.047379,-3.8642,81.307,2.0406
23.536,0.13024,6.2154,65.888,4.3996,79.829,-0.061359,-2.7961,81.301,2.0406
24.674,0.10159,-5.7301,65.843,4.4003,79.316,-0.076405,-3.0093,81.295,2.0406
25.92,0.083659,-3.5859,65.798,4.401,78.705,-0.10019,-4.7571,81.289,2.0406
26.814,0.15341,13.949,65.752,4.4016,78.097,-0.12935,-5.8325,81.283,2.0406
27.566,0.30042,29.402,65.708,4.4023,77.515,-0.15862,-5.8537,81.278,2.0406
28.588,0.3902,17.957,65.663,4.4029,76.676,-0.18715,-5.7058,81.272,2.0406
30.481,0.38666,-0.70918,65.619,4.4035,75.36,-0.21775,-6.1198,81.266,2.0406
34.131,0.48604,19.877,65.575,4.4041,73.891,-0.25213,-6.8756,81.26,2.0406
39.048,0.68171,39.133,65.532,4.4046,72.426,-0.30542,-10.658,81.255,2.0406
41.841,0.84387,32.432,65.489,4.4052,70.724,-0.38385,-15.686,81.249,2.0406
43.546,0.8963,10.487,65.446,4.4057,68.637,-0.46592,-16.413,81.244,2.0406
48.773,0.83794,-11.672,65.403,4.4062,66.126,-0.52362,-11.541,81.238,2.0406
55.786,0.7203,-23.527,65.361,4.4066,63.234,-0.5379,-2.8557,81.233,2.0406
58.421,0.5852,-27.02,65.319,4.4071,60.188,-0.50242,7.0945,81.227,2.0406
58.808,0.44637,-27.767,65.278,4.4075,57.836,-0.41941,16.604,81.222,2.0406
59.381,0.31444,-26.385,65.237,4.408,56.531,-0.32515,18.851,81.216,2.0406
60.497,0.17038,-28.812,65.196,4.4084,55.776,-0.25531,13.967,81.211,2.0406
61.589,0.059463,-22.184,65.156,4.4088,55.007,-0.18803,13.456,81.206,2.0406
61.947,0.039474,-3.9977,65.116,4.4091,53.757,-0.16701,4.2055,81.201,2.0406
61.952,0.00086363,-7.7221,65.077,4.4095,51.961,-0.27067,-20.732,81.196,2.0406
61.724,-0.17222,-34.618,65.037,4.4099,49.706,-0.47273,-40.413,81.19,2.0406
59.752,-0.35649,-36.852,64.999,4.4103,47.174,-0.68463,-42.38,81.185,2.0406
56.224,-0.47597,-23.897,64.961,4.4106,43.695,-0.84005,-31.084,81.18,2.0406
53.478,-0.5253,-9.8651,64.923,4.411,37.938,-0.91739,-15.469,81.175,2.0406
51.415,-0.54863,-4.667,64.886,4.4113,31.94,-0.92475,-1.472,81.17,2.0406
48.963,-0.54873,-0.018987,64.849,4.4117,27.91,-0.87694,9.5633,81.165,2.0406
46.485,-0.48554,12.638,64.812,4.4121,25.011,-0.78407,18.574,81.161,2.0406
44.313,-0.40768,15.573,64.776,4.4125,22.354,-0.65576,25.663,81.156,2.0406
41.911,-0.40196,1.1435,64.741,4.4129,19.563,-0.5152,28.111,81.151,2.0406
39.497,-0.44871,-9.3497,64.706,4.4133,16.81,-0.41933,19.174,81.146,2.0406
37.855,-0.47926,-6.1105,64.671,4.4138,14.613,-0.39206,5.4543,81.142,2.0406
35.912,-0.48305,-0.75813,64.637,4.4142,13.12,-0.34121,10.169,81.137,2.0406
32.65,-0.50124,-3.638,64.603,4.4147,12.241,-0.2305,22.142,81.132,2.0406
29.211,-0.56547,-12.846,64.57,4.4152,11.638,-0.11633,22.835,81.128,2.0405
26.414,-0.61961,-10.828,64.538,4.4158,11.212,-0.035479,16.169,81.123,2.0405
23.934,-0.6215,-0.37718,64.505,4.4164,11.248,0.00050265,7.1964,81.119,2.0404
21.052,-0.62276,-0.25296,64.474,4.417,11.666,0.0080911,1.5177,81.115,2.0404
17.106,-0.63186,-1.8198,64.443,4.4177,11.959,0.024441,3.2701,81.11,2.0403
13.666,-0.62885,0.60281,64.412,4.4184,12.224,0.10371,15.854,81.106,2.0402
11.79,-0.59937,5.8964,64.382,4.419,12.856,0.23848,26.953,81.102,2.0401
9.2201,-0.51587,16.7,64.352,4.4197,14.361,0.34972,22.249,81.098,2.04
5.945,-0.37991,27.191,64.323,4.4204,17.017,0.44559,19.173,81.094,2.0399
4.9388,-0.22413,31.156,64.295,4.421,20.731,0.58131,27.145,81.09,2.0398
5.4889,-0.082595,28.307,64.267,4.4215,24.823,0.74209,32.155,81.086,2.0397
5.703,0.023741,21.267,64.239,4.422,28.197,0.89133,29.848,81.082,2.0396
5.9919,0.11716,18.684,64.212,4.4224,32.043,1.0204,25.814,81.078,2.0395
6.9351,0.20539,17.645,64.186,4.4228,38.116,1.0965,15.23,81.074,2.0394
8.215,0.25187,9.2963,64.16,4.4231,44.636,1.0776,-3.7906,81.07,2.0393
9.6274,0.28531,6.6892,64.135,4.4234,49.765,0.95811,-23.896,81.066,2.0392
11.24,0.36098,15.134,64.11,4.4236,53.622,0.76066,-39.49,81.063,2.0391
13.487,0.45839,19.482,64.086,4.4237,56.011,0.5248,-47.173,81.059,2.0391
16.597,0.54395,17.113,64.063,4.4238,56.726,0.29961,-45.038,81.056,2.039
19.664,0.60441,12.091,64.04,4.4238,56.941,0.16081,-27.759,81.052,2.0389
22.443,0.64048,7.2142,64.017,4.4237,57.85,0.13795,-4.5732,81.049,2.0388
25.896,0.66612,5.1287,63.996,4.4236,59.342,0.15711,3.8318,81.045,2.0387
29.919,0.68338,3.4519,63.974,4.4234,60.901,0.19868,8.3153,81.042,2.0386
33.184,0.69286,1.8951,63.954,4.4232,61.965,0.26338,12.939,81.039,2.0385
36.22,0.75204,11.836,63.934,4.4229,62.683,0.28813,4.9495,81.035,2.0384
40.179,0.83891,17.374,63.915,4.4226,63.811,0.25548,-6.5295,81.032,2.0384
44.358,0.85184,2.5864,63.896,4.4222,65.442,0.23429,-4.2369,81.029,2.0383
47.665,0.65371,-39.627,63.878,4.4218,67.266,0.25081,3.3034,81.026,2.0382
49.989,0.23398,-83.946,63.861,4.4214,68.388,0.27464,4.7657,81.023,2.0381
50.477,-0.26083,-98.961,63.844,4.4212,69.093,0.28782,2.637,81.02,2.038
46.782,-0.67628,-83.09,63.828,4.421,70.545,0.28303,-0.9596,81.018,2.0379
39.718,-0.95025,-54.795,63.812,4.421,72.474,0.27029,-2.5466,81.015,2.0379
32.084,-1.0396,-17.866,63.797,4.421,73.829,0.26423,-1.2123,81.012,2.0378
28.177,-0.93567,20.782,63.783,4.4211,74.898,0.2553,-1.787,81.009,2.0377
27.794,-0.67542,52.05,63.77,4.4213,76.02,0.22815,-5.43,81.007,2.0376
27.0,-0.33338,68.409,63.757,4.4214,76.897,0.17095,-11.44,81.004,2.0375
24.963,-0.045891,57.498,63.744,4.4215,77.467,0.11455,-11.28,81.002,2.0374
24.555,0.074581,24.094,63.733,4.4216,77.905,0.089508,-5.0079,81.0,2.0374
25.535,0.079232,0.93021,63.722,4.4217,78.266,0.076383,-2.625,80.997,2.0373
26.471,0.078686,-0.10922,63.712,4.4217,78.559,0.055929,-4.0908,80.995,2.0372
27.24,0.167,17.663,63.702,4.4217,78.8,0.045651,-2.0557,80.993,2.0371
28.138,0.27783,22.166,63.694,4.4216,79.015,0.046987,0.26727,80.991,2.037
29.544,0.31275,6.9838,63.685,4.4214,79.228,0.044887,-0.42004,80.989,2.0369
31.388,0.30163,-2.2247,63.678,4.4212,79.418,0.034878,-2.0017,80.987,2.0368
33.316,0.33355,6.3853,63.671,4.421,79.544,0.019164,-3.1429,80.985,2.0367
35.263,0.40418,14.126,63.665,4.4207,79.58,-0.0004615,-3.925,80.983,2.0366
37.259,0.45657,10.479,63.66,4.4203,79.505,-0.019229,-3.7534,80.981,2.0365
39.388,0.4668,2.0459,63.655,4.4199,79.304,-0.031136,-2.3814,80.979,2.0364
41.82,0.46171,-1.0189,63.651,4.4194,79.065,-0.031756,-0.12403,80.978,2.0363
44.729,0.47817,3.293,63.648,4.4189,78.941,-0.020128,2.3257,80.976,2.0362
47.447,0.50645,5.6544,63.645,4.4183,78.971,0.0010861,4.2428,80.975,2.0361
49.176,0.51536,1.7837,63.643,4.4176,79.125,0.023661,4.515,80.973,2.036
51.158,0.48132,-6.8094,63.642,4.4169,79.341,0.035295,2.3268,80.972,2.0359
53.86,0.4017,-15.923,63.642,4.4162,79.552,0.03754,0.44899,80.971,2.0358
56.067,0.29555,-21.23,63.642,4.4154,79.694,0.036126,-0.28282,80.969,2.0357
56.981,0.20111,-18.889,63.643,4.4147,79.701,0.012451,-4.735,80.968,2.0355
56.987,0.13011,-14.199,63.645,4.414,79.515,-0.034482,-9.3865,80.967,2.0354
56.69,0.046476,-16.727,63.647,4.4133,79.197,-0.080238,-9.1513,80.966,2.0353
56.586,-0.048949,-19.085,63.65,4.4127,78.782,-0.11665,-7.2832,80.965,2.0352
56.629,-0.1016,-10.53,63.654,4.4121,77.917,-0.15864,-8.3966,80.964,2.035
56.448,-0.11998,-3.6774,63.659,4.4116,76.615,-0.19159,-6.5904,80.964,2.0349
55.475,-0.14902,-5.8064,63.664,4.411,75.688,-0.19603,-0.88858,80.963,2.0348
54.031,-0.19169,-8.5351,63.67,4.4105,74.961,-0.20423,-1.639,80.962,2.0346
52.898,-0.22256,-6.174,63.677,4.4101,73.825,-0.22017,-3.1896,80.962,2.0345
51.947,-0.22758,-1.0039,63.685,4.4096,72.599,-0.19231,5.5724,80.961,2.0343
50.981,-0.19959,5.599,63.693,4.4092,71.766,-0.18185,2.0917,80.961,2.0342
50.16,-0.15273,9.3711,63.701,4.4087,70.587,-0.27237,-18.104,80.96,2.034
49.482,-0.13278,3.9907,63.711,4.4083,68.84,-0.36211,-17.948,80.96,2.0339
48.68,-0.16952,-7.3481,63.721,4.4079,67.545,-0.32439,7.5447,80.96,2.0337
47.626,-0.23273,-12.643,63.732,4.4075,65.924,-0.28818,7.2423,80.96,2.0336
46.249,-0.30266,-13.985,63.743,4.4071,62.853,-0.31375,-5.1145,80.959,2.0334
44.231,-0.39901,-19.271,63.755,4.4066,61.179,-0.35243,-7.7358,80.959,2.0332
41.535,-0.48479,-17.156,63.768,4.4062,61.711,-0.37358,-4.229,80.959,2.0331
38.852,-0.51106,-5.2543,63.781,4.4057,60.269,-0.39192,-3.6684,80.959,2.0329
36.247,-0.52967,-3.7206,63.795,4.4053,55.729,-0.40317,-2.2499,80.959,2.0327
33.286,-0.57376,-8.8193,63.809,4.4048,52.948,-0.41019,-1.4047,80.96,2.0326
30.371,-0.6189,-9.0263,63.824,4.4043,51.419,-0.48286,-14.533,80.96,2.0324
27.838,-0.65025,-6.2713,63.84,4.4037,49.356,-0.6215,-27.728,80.96,2.0322
24.43,-0.67366,-4.6822,63.856,4.4031,46.264,-0.72038,-19.776,80.96,2.032
19.925,-0.67979,-1.2259,63.873,4.4025,42.032,-0.78821,-13.566,80.961,2.0318
16.552,-0.64775,6.4079,63.89,4.4018,36.738,-0.90676,-23.71,80.961,2.0317
14.317,-0.57556,14.438,63.908,4.4011,31.181,-1.0023,-19.116,80.961,2.0315
12.205,-0.4768,19.752,63.927,4.4004,26.56,-0.93615,13.237,80.962,2.0313
10.259,-0.36472,22.415,63.946,4.3997,23.038,-0.78288,30.655,80.963,2.0311
8.859,-0.25072,22.801,63.966,4.3989,20.316,-0.60909,34.759,80.963,2.0309
8.0647,-0.14687,20.77,63.986,4.3981,18.125,-0.44641,32.534,80.964,2.0307
7.7858,-0.055719,18.23,64.006,4.3972,16.278,-0.33841,21.601,80.965,2.0305
7.7615,0.038057,18.755,64.028,4.3964,14.7,-0.29987,7.7075,80.965,2.0303
8.1779,0.097583,11.905,64.049,4.3955,13.314,-0.29284,1.4059,80.966,2.0302
9.2814,0.10457,1.3974,64.071,4.3946,12.012,-0.28027,2.5132,80.967,2.03
10.178,0.083822,-4.1497,64.094,4.3936,10.603,-0.26434,3.1858,80.968,2.0298
9.9535,0.060896,-4.5851,64.117,4.3927,9.1053,-0.24968,2.9328,80.969,2.0296
9.6442,0.049049,-2.3695,64.141,4.3917,8.0015,-0.2329,3.3554,80.97,2.0294
9.9951,0.066843,3.5588,64.165,4.3907,7.2683,-0.20093,6.3955,80.971,2.0292
10.746,0.11431,9.4942,64.19,4.3897,6.5083,-0.1492,10.344,80.972,2.029
11.74,0.16836,10.809,64.215,4.3886,5.8243,-0.090983,11.644,80.973,2.0288
12.93,0.21457,9.2414,64.24,4.3876,5.496,-0.041817,9.8332,80.974,2.0287
14.21,0.24035,5.1571,64.266,4.3865,5.5873,-0.013085,5.7464,80.975,2.0285
15.391,0.22891,-2.2886,64.293,4.3854,5.9329,0.0093291,4.4829,80.976,2.0283
16.079,0.20064,-5.6543,64.32,4.3843,6.1652,0.047845,7.7031,80.977,2.0281
16.572,0.16332,-7.4643,64.347,4.3832,6.3169,0.086196,7.6704,80.979,2.0279
17.583,0.11876,-8.9112,64.375,4.382,6.7163,0.11023,4.8064,80.98,2.0278
18.536,0.090391,-5.674,64.403,4.3809,7.5211,0.14948,7.8503,80.981,2.0276
18.647,0.086524,-0.77335,64.431,4.3797,8.7559,0.20843,11.789,80.982,2.0274
18.612,0.095192,1.7336,64.46,4.3785,10.061,0.24783,7.8817,80.984,2.0272
19.011,0.097591,0.47984,64.49,4.3773,11.329,0.27617,5.6681,80.985,2.0271
19.774,0.081066,-3.3051,64.519,4.3761,12.99,0.32253,9.2703,80.987,2.0269
20.56,0.071626,-1.8879,64.549,4.3749,14.971,0.37113,9.7212,80.988,2.0267
20.93,0.084681,2.611,64.58,4.3737,16.662,0.40538,6.8502,80.99,2.0265
21.013,0.081623,-0.6117,64.611,4.3724,18.665,0.4472,8.3639,80.991,2.0264
21.159,0.064078,-3.509,64.642,4.3712,21.855,0.50867,12.293,80.993,2.0262
21.649,0.092221,5.6285,64.673,4.3699,25.032,0.57357,12.98,80.994,2.026
22.557,0.14853,11.261,64.705,4.3686,27.574,0.65303,15.894,80.996,2.0258
23.566,0.18935,8.1652,64.738,4.3673,30.815,0.75098,19.59,80.997,2.0256
24.789,0.26247,14.623,64.77,4.3661,35.051,0.78163,6.1285,80.999,2.0254
26.652,0.35346,18.198,64.803,4.3648,39.172,0.71599,-13.127,81.0,2.0252
28.602,0.39973,9.2534,64.836,4.3635,42.826,0.65686,-11.826,81.002,2.0251
30.123,0.39736,-0.47284,64.87,4.3622,45.954,0.61695,-7.9807,81.004,2.0249
32.457,0.39332,-0.80924,64.904,4.3608,47.854,0.50586,-22.219,81.005,2.0247
35.566,0.40603,2.543,64.938,4.3595,48.959,0.38154,-24.864,81.007,2.0245
37.052,0.43148,5.0895,64.972,4.3582,51.371,0.35736,-4.8356,81.009,2.0243
38.185,0.47417,8.5372,65.007,4.3569,54.365,0.40413,9.3539,81.011,2.0241
40.896,0.5198,9.1261,65.042,4.3556,55.882,0.46297,11.768,81.012,2.0238
44.39,0.51737,-0.48559,65.077,4.3542,57.582,0.52304,12.014,81.014,2.0236
47.262,0.47653,-8.1671,65.112,4.3529,61.099,0.54422,4.236,81.016,2.0234
49.475,0.45333,-4.6399,65.148,4.3515,64.23,0.48359,-12.126,81.018,2.0232
51.09,0.41247,-8.1737,65.184,4.3501,65.816,0.37805,-21.107,81.019,2.023
52.165,0.29957,-22.578,65.22,4.3487,67.108,0.28593,-18.424,81.021,2.0228
53.224,0.23459,-12.998,65.256,4.3473,67.98,0.17678,-21.831,81.023,2.0225
54.821,0.25848,4.7785,65.293,4.3459,67.932,0.044612,-26.433,81.025,2.0223
56.2,0.25536,-0.62263,65.33,4.3444,67.734,-0.021312,-13.185,81.026,2.0221
56.835,0.16714,-17.645,65.367,4.3429,67.873,-0.0025866,3.745,81.028,2.0219
57.267,0.019218,-29.585,65.404,4.3413,68.075,0.021207,4.7587,81.03,2.0216
57.354,-0.15691,-35.226,65.442,4.3397,68.253,0.030214,1.8015,81.032,2.0214
55.441,-0.31687,-31.993,65.479,4.338,68.492,0.048021,3.5614,81.034,2.0212
52.259,-0.39401,-15.428,65.517,4.3364,68.781,0.052744,0.94457,81.036,2.0209
49.976,-0.38019,2.7643,65.555,4.3347,69.048,0.040278,-2.4932,81.037,2.0207
48.519,-0.36461,3.116,65.593,4.333,69.184,0.040244,-0.0066321,81.039,2.0204
47.356,-0.35905,1.112,65.632,4.3314,69.27,0.055084,2.9679,81.041,2.0202
46.204,-0.3443,2.9494,65.671,4.3298,69.595,0.069521,2.8874,81.043,2.02
44.491,-0.37057,-5.2529,65.709,4.3283,70.121,0.07784,1.6638,81.045,2.0197
41.439,-0.4774,-21.366,65.749,4.327,70.679,0.081729,0.77787,81.046,2.0195
37.807,-0.5749,-19.5,65.788,4.3257,71.171,0.091274,1.9089,81.048,2.0192
35.154,-0.60449,-5.9186,65.828,4.3246,71.557,0.10329,2.4025,81.05,2.0189
32.5,-0.60195,0.50812,65.867,4.3236,71.939,0.10672,0.68734,81.052,2.0187
29.5,-0.58095,4.1991,65.908,4.3226,72.46,0.11184,1.0229,81.054,2.0184
27.047,-0.5387,8.4502,65.948,4.3215,73.254,0.13,3.6322,81.055,2.0182
25.035,-0.46656,14.429,65.989,4.3204,74.177,0.15007,4.0152,81.057,2.0179
22.753,-0.36552,20.207,66.029,4.319,74.871,0.1619,2.3649,81.059,2.0176
21.124,-0.21965,29.175,66.071,4.3175,75.561,0.16602,0.82438,81.061,2.0174
21.056,-0.0059852,42.732,66.112,4.3157,76.481,0.16367,-0.47047,81.062,2.0171
22.461,0.22436,46.07,66.154,4.3135,77.32,0.1586,-1.0133,81.064,2.0168
24.858,0.40759,36.645,66.196,4.3112,78.012,0.15437,-0.84581,81.066,2.0166
27.448,0.51467,21.418,66.238,4.3087,78.77,0.15221,-0.4317,81.067,2.0163
30.204,0.56253,9.5721,66.281,4.3064,79.574,0.1475,-0.94264,81.069,2.016
33.19,0.54868,-2.7706,66.324,4.3042,80.257,0.13614,-2.2729,81.071,2.0157
35.439,0.48256,-13.225,66.367,4.302,80.846,0.12751,-1.7247,81.072,2.0154
36.905,0.41555,-13.401,66.411,4.2999,81.399,0.121,-1.3026,81.074,2.0152
39.038,0.39593,-3.9248,66.455,4.2979,81.921,0.10372,-3.4553,81.076,2.0149
41.75,0.40535,1.8834,66.499,4.2959,82.357,0.072776,-6.1894,81.077,2.0146
43.48,0.41469,1.8691,66.544,4.2939,82.59,0.033954,-7.7644,81.079,2.0143
45.16,0.45041,7.1433,66.589,4.292,82.574,-0.0066171,-8.1143,81.08,2.014
48.041,0.4937,8.6577,66.634,4.2902,82.307,-0.044874,-7.6514,81.082,2.0137
50.93,0.48346,-2.0476,66.68,4.2883,81.816,-0.077696,-6.5643,81.083,2.0134
52.997,0.45795,-5.1008,66.726,4.2865,81.2,-0.10359,-5.1785,81.085,2.0131
55.303,0.48321,5.0518,66.773,4.2846,80.633,-0.12431,-4.1449,81.086,2.0128
57.927,0.53055,9.4675,66.819,4.2828,80.051,-0.14741,-4.6203,81.088,2.0125
59.924,0.52939,-0.23293,66.867,4.2809,79.217,-0.17964,-6.4449,81.089,2.0122
61.902,0.45135,-15.607,66.914,4.279,78.11,-0.21906,-7.885,81.09,2.012
64.329,0.28715,-32.84,66.962,4.2771,76.853,-0.2506,-6.3072,81.092,2.0117
65.499,0.030363,-51.357,67.011,4.2751,75.476,-0.25876,-1.633,81.093,2.0114
64.198,-0.27122,-60.317,67.06,4.2731,74.067,-0.24062,3.6296,81.094,2.0111
60.637,-0.52812,-51.379,67.109,4.271,72.817,-0.21193,5.7373,81.095,2.0108
56.146,-0.6858,-31.537,67.159,4.269,71.774,-0.21525,-0.66458,81.097,2.0105
52.619,-0.71767,-6.3751,67.209,4.2669,70.705,-0.28495,-13.939,81.098,2.0103
50.255,-0.59202,25.131,67.259,4.2649,68.997,-0.42688,-28.386,81.099,2.01
48.653,-0.35292,47.821,67.31,4.2628,66.177,-0.60354,-35.333,81.1,2.0097
48.056,-0.11768,47.048,67.36,4.2608,62.197,-0.75612,-30.516,81.101,2.0095
48.36,0.050804,33.696,67.412,4.2587,57.507,-0.82984,-14.743,81.102,2.0092
48.881,0.12843,15.525,67.463,4.2567,53.095,-0.79312,7.3441,81.103,2.009
49.233,0.069372,-11.811,67.514,4.2546,49.738,-0.65168,28.288,81.105,2.0088
49.145,-0.079723,-29.819,67.566,4.2525,47.878,-0.44807,40.721,81.105,2.0085
48.463,-0.22468,-28.992,67.618,4.2504,47.069,-0.2493,39.754,81.106,2.0083
46.999,-0.31346,-17.755,67.67,4.2482,46.679,-0.10701,28.458,81.107,2.0081
44.517,-0.32199,-1.7078,67.723,4.246,46.33,-0.044144,12.573,81.108,2.0079
42.206,-0.21856,20.687,67.775,4.2438,45.801,-0.068792,-4.9298,81.109,2.0076
42.612,-0.018994,39.913,67.827,4.2415,44.97,-0.15682,-17.605,81.11,2.0074
44.767,0.2078,45.358,67.88,4.2391,43.806,-0.2505,-18.737,81.111,2.0072
46.692,0.39098,36.637,67.932,4.2367,42.327,-0.31323,-12.545,81.112,2.007
48.907,0.48482,18.769,67.985,4.2343,40.393,-0.36817,-10.989,81.112,2.0068
51.725,0.48071,-0.82372,68.037,4.2319,38.093,-0.40879,-8.1233,81.113,2.0066
53.708,0.41178,-13.785,68.09,4.2295,36.106,-0.41258,-0.75852,81.114,2.0064
54.841,0.33329,-15.698,68.142,4.227,34.558,-0.38259,5.9974,81.114,2.0062
56.289,0.31156,-4.3468,68.194,4.2246,32.775,-0.33003,10.512,81.115,2.0061
58.409,0.38406,14.502,68.246,4.2221,31.05,-0.26637,12.733,81.115,2.0059
61.129,0.5279,28.768,68.299,4.2197,30.292,-0.19801,13.672,81.116,2.0057
64.146,0.68303,31.027,68.35,4.2173,29.907,-0.13108,13.385,81.116,2.0055
67.483,0.77274,17.941,68.402,4.215,29.458,-0.064401,13.337,81.117,2.0053
71.961,0.74318,-5.9122,68.454,4.2126,29.286,0.0048517,13.85,81.117,2.0051
76.626,0.63933,-20.769,68.505,4.2103,29.499,0.042924,7.6145,81.118,2.0049
78.57,0.49856,-28.155,68.556,4.208,30.029,0.051195,1.6541,81.118,2.0047
78.478,0.27404,-44.904,68.607,4.2056,30.617,0.10175,10.111,81.118,2.0045
78.424,0.0035484,-54.098,68.658,4.2032,31.107,0.16956,13.562,81.119,2.0043
78.339,-0.19033,-38.776,68.708,4.2008,31.586,0.1698,0.048415,81.119,2.0042
77.307,-0.32465,-26.864,68.758,4.1984,32.342,0.11512,-10.936,81.119,2.004
74.687,-0.42148,-19.366,68.808,4.1959,33.706,0.065994,-9.8254,81.119,2.0038
71.612,-0.43444,-2.5914,68.858,4.1935,34.51,0.067056,0.21237,81.119,2.0036
70.085,-0.38342,10.204,68.907,4.1911,33.755,0.12316,11.221,81.119,2.0034
68.543,-0.39201,-1.7179,68.956,4.1886,33.771,0.20841,17.051,81.119,2.0032
65.105,-0.47075,-15.749,69.005,4.1862,35.874,0.31532,21.381,81.119,2.003
62.749,-0.59996,-25.842,69.053,4.1837,38.981,0.4396,24.855,81.119,2.0028
60.864,-0.83437,-46.884,69.101,4.1813,42.123,0.54812,21.704,81.119,2.0026
55.205,-1.1092,-54.968,69.149,4.1789,44.742,0.60013,10.403,81.119,2.0024
46.52,-1.1993,-18.012,69.197,4.1765,47.091,0.55331,-9.3638,81.119,2.0021
40.396,-1.0842,23.016,69.244,4.1742,49.411,0.42714,-25.235,81.118,2.0019
35.786,-0.9798,20.879,69.291,4.1718,51.128,0.32121,-21.186,81.118,2.0017
31.576,-0.91136,13.688,69.338,4.1694,52.086,0.24785,-14.672,81.118,2.0015
29.803,-0.7686,28.552,69.384,4.1671,52.895,0.16365,-16.84,81.117,2.0013
28.06,-0.64574,24.573,69.431,4.1647,53.648,0.089877,-14.754,81.117,2.0011
22.691,-0.64271,0.60592,69.477,4.1623,54.035,0.050693,-7.8367,81.117,2.0008
17.171,-0.64016,0.51025,69.522,4.1599,54.056,0.037781,-2.5825,81.116,2.0006
15.428,-0.49166,29.701,69.567,4.1575,53.973,0.049731,2.3899,81.116,2.0004
15.309,-0.27224,43.884,69.612,4.155,54.513,0.11248,12.549,81.115,2.0002
15.449,-0.016076,51.232,69.657,4.1525,55.95,0.21014,19.532,81.114,1.9999
16.531,0.26105,55.425,69.701,4.15,57.364,0.30255,18.482,81.114,1.9997
18.452,0.40484,28.759,69.745,4.1475,58.867,0.38111,15.713,81.113,1.9995
20.491,0.37058,-6.8518,69.789,4.1449,61.384,0.43223,10.223,81.112,1.9993
22.292,0.33903,-6.3112,69.833,4.1423,64.149,0.43992,1.5397,81.111,1.999
23.82,0.37005,6.2036,69.876,4.1397,65.705,0.40936,-6.113,81.11,1.9988
25.341,0.37046,0.082213,69.918,4.1371,67.093,0.36582,-8.7079,81.109,1.9986
27.118,0.35467,-3.157,69.961,4.1344,69.052,0.31195,-10.775,81.108,1.9983
29.344,0.36428,1.9223,70.003,4.1317,70.43,0.23688,-15.014,81.107,1.9981
31.448,0.38299,3.7418,70.045,4.129,71.207,0.18385,-10.605,81.106,1.9979
32.833,0.36281,-4.0373,70.086,4.1263,71.927,0.17474,-1.8223,81.105,1.9976
34.113,0.26802,-18.956,70.127,4.1235,72.637,0.15732,-3.4843,81.104,1.9974
35.415,0.14591,-24.422,70.168,4.1207,73.259,0.11445,-8.5736,81.103,1.9971
36.054,0.074192,-14.344,70.209,4.1179,73.925,0.10001,-2.8882,81.101,1.9969
35.935,0.063244,-2.1897,70.249,4.1151,74.587,0.10395,0.78876,81.1,1.9967
35.508,0.088285,5.0083,70.289,4.1123,74.826,0.08097,-4.5962,81.098,1.9964
35.916,0.12289,6.92,70.328,4.1095,74.898,0.053152,-5.5638,81.097,1.9962
37.818,0.16462,8.3478,70.367,4.1066,75.273,0.040536,-2.5231,81.095,1.996
39.628,0.23864,14.803,70.406,4.1037,75.579,0.037354,-0.63637,81.094,1.9957
40.355,0.28956,10.183,70.444,4.1009,75.597,0.041989,0.92689,81.092,1.9955
40.994,0.24384,-9.143,70.483,4.098,75.805,0.056336,2.8695,81.09,1.9953
42.03,0.14284,-20.199,70.52,4.0951,76.306,0.068988,2.5302,81.089,1.995
42.927,0.048106,-18.948,70.558,4.0922,76.715,0.069834,0.16938,81.087,1.9948
43.043,-0.00052965,-9.7272,70.595,4.0893,77.039,0.075058,1.0448,81.085,1.9946
42.144,-0.0016507,-0.22421,70.631,4.0864,77.424,0.086999,2.3881,81.083,1.9944
41.715,0.007105,1.7511,70.668,4.0834,77.806,0.083506,-0.69862,81.081,1.9941
42.584,0.021973,2.9737,70.704,4.0805,78.154,0.066995,-3.3021,81.079,1.9939
43.374,0.070251,9.6555,70.739,4.0776,78.54,0.057332,-1.9327,81.077,1.9937
44.084,0.17238,20.427,70.774,4.0747,78.869,0.053904,-0.68548,81.075,1.9935
45.398,0.31087,27.696,70.809,4.0717,78.998,0.047701,-1.2407,81.073,1.9932
47.439,0.45558,28.944,70.844,4.0688,79.101,0.042278,-1.0846,81.07,1.993
50.136,0.58915,26.713,70.878,4.0659,79.362,0.043123,0.16902,81.068,1.9928
53.881,0.72103,26.376,70.912,4.0629,79.691,0.050002,1.3758,81.066,1.9926
58.674,0.84699,25.192,70.945,4.06,79.977,0.056637,1.327,81.063,1.9924
63.319,0.91347,13.297,70.978,4.0571,80.22,0.056665,0.0056452,81.061,1.9922
67.434,0.8903,-4.6354,71.01,4.0542,80.45,0.047989,-1.7353,81.058,1.9919
71.082,0.785,-21.059,71.043,4.0513,80.674,0.031375,-3.3228,81.055,1.9917
74.343,0.62526,-31.949,71.074,4.0483,80.749,0.011498,-3.9753,81.053,1.9915
77.062,0.42184,-40.684,71.106,4.0454,80.608,-0.0086797,-4.0356,81.05,1.9913
78.236,0.19727,-44.915,71.137,4.0425,80.441,-0.030568,-4.3777,81.047,1.9911
78.127,0.08142,-23.169,71.168,4.0395,80.288,-0.049483,-3.7829,81.044,1.9909
77.979,0.088733,1.4626,71.198,4.0366,79.972,-0.061472,-2.3978,81.041,1.9907
77.779,0.063876,-4.9712,71.228,4.0336,79.517,-0.075744,-2.8545,81.038,1.9906
77.38,-0.051919,-23.159,71.257,4.0306,79.075,-0.092223,-3.2958,81.035,1.9904
77.623,-0.18861,-27.338,71.286,4.0277,78.639,-0.096466,-0.8486,81.032,1.9902
77.741,-0.38112,-38.502,71.315,4.0247,78.136,-0.10308,-1.3237,81.029,1.99
73.466,-0.68756,-61.288,71.343,4.0217,77.445,-0.12997,-5.3771,81.026,1.9898
65.928,-1.0115,-64.779,71.371,4.0187,76.641,-0.14776,-3.5579,81.022,1.9896
60.0,-1.2439,-46.485,71.398,4.0158,75.982,-0.1458,0.39207,81.019,1.9894
54.632,-1.3648,-24.185,71.425,4.0128,75.11,-0.18156,-7.1527,81.015,1.9892
47.336,-1.3579,1.3737,71.451,4.0098,73.551,-0.2607,-15.828,81.012,1.9891
40.633,-1.2232,26.951,71.477,4.0069,72.017,-0.34138,-16.135,81.008,1.9889
35.846,-1.0625,32.128,71.503,4.0039,70.575,-0.41398,-14.521,81.005,1.9887
31.204,-0.99985,12.539,71.528,4.001,67.795,-0.49303,-15.809,81.001,1.9885
26.395,-0.94139,11.692,71.552,3.998,63.978,-0.5678,-14.954,80.997,1.9883
22.17,-0.80501,27.276,71.577,3.9951,61.088,-0.63387,-13.215,80.993,1.9881
18.43,-0.70859,19.284,71.6,3.9921,58.353,-0.71729,-16.683,80.989,1.9879
15.039,-0.68241,5.2359,71.623,3.9891,54.523,-0.79013,-14.568,80.986,1.9878
12.258,-0.61306,13.871,71.646,3.9861,50.132,-0.79153,-0.28089,80.982,1.9876
9.9813,-0.49795,23.021,71.668,3.9831,45.864,-0.76886,4.5336,80.977,1.9874
7.6851,-0.39796,19.998,71.69,3.9801,41.582,-0.79722,-5.6723,80.973,1.9872
5.7981,-0.30011,19.57,71.712,3.9771,37.617,-0.83881,-8.3163,80.969,1.987
5.0339,-0.18724,22.573,71.732,3.974,34.291,-0.8457,-1.3786,80.965,1.9868
4.9467,-0.079804,21.487,71.753,3.9709,30.312,-0.86767,-4.3941,80.96,1.9866
5.0553,0.018397,19.64,71.772,3.9678,24.999,-0.90864,-8.1946,80.956,1.9864
5.5134,0.11521,19.362,71.792,3.9647,19.908,-0.91232,-0.73552,80.952,1.9862
6.3903,0.18889,14.737,71.81,3.9616,15.861,-0.84914,12.637,80.947,1.986
7.4866,0.21983,6.1868,71.828,3.9584,12.375,-0.72319,25.188,80.942,1.9858
8.7888,0.25225,6.4846,71.846,3.9552,9.5909,-0.54172,36.296,80.938,1.9856
10.408,0.30849,11.248,71.863,3.952,7.989,-0.34103,40.137,80.933,1.9854
12.101,0.34083,6.4678,71.88,3.9488,7.1894,-0.18982,30.243,80.928,1.9852
13.726,0.35476,2.7859,71.896,3.9455,6.7276,-0.10512,16.941,80.924,1.985
15.713,0.38908,6.8632,71.911,3.9422,6.4361,-0.049845,11.054,80.919,1.9848
18.152,0.42862,7.9084,71.926,3.9389,6.2439,-0.020683,5.8324,80.914,1.9846
20.287,0.46064,6.4054,71.941,3.9356,6.1492,-0.020163,0.10391,80.909,1.9844
22.375,0.52154,12.18,71.955,3.9323,6.1286,-0.013069,1.4188,80.904,1.9842
25.298,0.57053,9.7972,71.968,3.929,6.1691,0.024347,7.4831,80.898,1.984
28.106,0.51351,-11.403,71.981,3.9256,6.4197,0.077509,10.632,80.893,1.9838
30.037,0.35994,-30.715,71.993,3.9223,7.0511,0.13492,11.481,80.888,1.9836
31.579,0.17576,-36.835,72.004,3.9189,8.1378,0.19177,11.371,80.883,1.9834
32.038,-0.0069583,-36.545,72.015,3.9155,9.5365,0.22602,6.8489,80.877,1.9832
30.186,-0.15501,-29.61,72.026,3.9121,11.028,0.25012,4.8218,80.872,1.983
28.07,-0.18671,-6.3406,72.036,3.9087,12.687,0.35291,20.558,80.866,1.9828
27.82,-0.099977,17.347,72.045,3.9053,14.815,0.52669,34.755,80.861,1.9826
28.487,0.013595,22.714,72.053,3.9019,17.681,0.68919,32.5,80.855,1.9824
29.419,0.11053,19.387,72.061,3.8985,21.695,0.82587,27.336,80.849,1.9822
30.84,0.18444,14.782,72.069,3.895,27.433,0.94552,23.93,80.844,1.982
32.066,0.21115,5.3426,72.075,3.8916,33.62,1.0082,12.539,80.838,1.9819
32.204,0.18585,-5.0614,72.081,3.8882,37.617,0.98203,-5.2377,80.832,1.9817
32.445,0.15072,-7.0257,72.087,3.8847,40.839,0.87738,-20.928,80.826,1.9815
33.925,0.21656,13.169,72.092,3.8813,44.954,0.72634,-30.208,80.82,1.9814
36.483,0.43493,43.673,72.096,3.8778,48.469,0.56887,-31.495,80.814,1.9812
39.837,0.72201,57.416,72.1,3.8744,50.515,0.44606,-24.561,80.808,1.9811
43.839,0.952,45.999,72.103,3.8709,52.016,0.36745,-15.723,80.801,1.9809
49.31,1.1327,36.133,72.105,3.8674,53.284,0.26857,-19.775,80.795,1.9808
57.198,1.25,23.464,72.106,3.864,54.115,0.11892,-29.931,80.789,1.9806
64.04,1.2578,1.5543,72.107,3.8605,54.49,0.027285,-18.326,80.782,1.9805
68.019,1.1377,-24.011,72.108,3.8571,54.448,0.0064961,-4.1578,80.776,1.9804
72.078,0.91088,-45.363,72.107,3.8535,54.094,-0.024005,-6.1002,80.769,1.9803
77.056,0.63242,-55.693,72.106,3.8499,53.886,-0.024054,-0.0098384,80.763,1.9801
79.089,0.37335,-51.814,72.104,3.8463,54.473,0.067236,18.258,80.756,1.98
78.845,0.21774,-31.122,72.102,3.8425,55.64,0.2188,30.313,80.749,1.9799
78.989,0.16679,-10.19,72.099,3.8386,56.886,0.37969,32.179,80.743,1.9798
79.569,0.10817,-11.724,72.095,3.8345,59.248,0.51643,27.348,80.736,1.9797
79.743,-0.069756,-35.586,72.091,3.8302,63.073,0.59007,14.729,80.729,1.9796
79.039,-0.34084,-54.217,72.085,3.8258,66.428,0.57855,-2.3039,80.722,1.9795
76.835,-0.61616,-55.065,72.079,3.8213,68.687,0.50828,-14.056,80.715,1.9794
72.258,-0.87666,-52.099,72.073,3.8167,70.449,0.41217,-19.221,80.708,1.9793
65.388,-1.1059,-45.852,72.066,3.8122,71.778,0.30057,-22.321,80.701,1.9793
57.218,-1.2327,-25.358,72.058,3.8079,72.579,0.19529,-21.055,80.694,1.9792
51.738,-1.2195,2.6454,72.049,3.8037,73.359,0.14181,-10.696,80.686,1.9791
48.941,-1.0925,25.394,72.04,3.7996,74.364,0.13824,-0.71298,80.679,1.9791
44.687,-0.91408,35.687,72.03,3.7957,75.145,0.13487,-0.67548,80.672,1.979
38.825,-0.75333,32.15,72.019,3.7919,75.671,0.12963,-1.0481,80.664,1.9789
35.216,-0.6673,17.208,72.008,3.7881,76.137,0.13202,0.47897,80.657,1.9789
32.821,-0.65849,1.7615,71.996,3.7845,76.714,0.12992,-0.42019,80.649,1.9788
29.85,-0.66808,-1.9187,71.983,3.7809,77.503,0.12071,-1.8421,80.641,1.9788
26.753,-0.5974,14.136,71.97,3.7774,78.224,0.11721,-0.70094,80.634,1.9788
24.043,-0.49949,19.583,71.956,3.7739,78.735,0.11398,-0.64506,80.626,1.9787
21.602,-0.45609,8.6789,71.941,3.7705,79.132,0.096337,-3.5286,80.618,1.9787
19.653,-0.38672,13.874,71.926,3.7671,79.464,0.072337,-4.8001,80.61,1.9787
18.638,-0.19773,37.798,71.911,3.7637,79.749,0.051819,-4.1036,80.602,1.9787
18.716,0.028387,45.224,71.894,3.7602,79.966,0.038859,-2.592,80.594,1.9786
19.931,0.23357,41.036,71.877,3.7568,80.117,0.034103,-0.95112,80.586,1.9786
22.161,0.41647,36.58,71.86,3.7534,80.271,0.029957,-0.82928,80.578,1.9786
25.136,0.57115,30.936,71.842,3.7499,80.422,0.024939,-1.0035,80.57,1.9786
28.481,0.67753,21.276,71.823,3.7465,80.514,0.021442,-0.69951,80.562,1.9786
31.953,0.72057,8.6085,71.804,3.7431,80.586,0.019476,-0.39313,80.553,1.9786
35.403,0.70658,-2.7976,71.784,3.7396,80.695,0.018176,-0.26002,80.545,1.9786
38.793,0.65348,-10.621,71.763,3.7362,80.796,0.015546,-0.52606,80.537,1.9787
41.938,0.58302,-14.092,71.743,3.7327,80.865,0.014109,-0.28725,80.528,1.9787
44.321,0.50327,-15.948,71.721,3.7293,80.935,0.018956,0.9694,80.52,1.9787
46.046,0.40101,-20.454,71.699,3.7258,81.022,0.022856,0.77987,80.511,1.9787
47.649,0.29414,-21.373,71.676,3.7224,81.113,0.019552,-0.66074,80.502,1.9788
49.063,0.23283,-12.262,71.653,3.7189,81.219,0.013622,-1.186,80.493,1.9788
50.051,0.21629,-3.3082,71.629,3.7155,81.34,0.0088372,-0.95695,80.485,1.9788
50.647,0.20376,-2.506,71.605,3.712,81.363,0.0034284,-1.0818,80.476,1.9789
51.312,0.1745,-5.8514,71.58,3.7086,81.222,-0.0020237,-1.0904,80.467,1.979
52.61,0.12641,-9.618,71.555,3.7051,81.152,-0.0054589,-0.68705,80.458,1.979
53.657,0.08767,-7.7486,71.529,3.7017,81.198,-0.0077399,-0.45619,80.449,1.9791
53.4,0.064496,-4.6349,71.503,3.6983,81.21,-0.0088794,-0.22791,80.44,1.9791
52.696,0.014753,-9.9487,71.476,3.6948,81.16,-0.0065819,0.45951,80.431,1.9792
52.527,-0.064334,-15.817,71.449,3.6914,81.102,-0.0048146,0.35346,80.421,1.9793
52.459,-0.13342,-13.817,71.421,3.688,81.026,-0.010556,-1.1484,80.412,1.9794
51.88,-0.20198,-13.712,71.393,3.6846,80.931,-0.019807,-1.8502,80.403,1.9794
50.376,-0.27942,-15.487,71.364,3.6812,80.849,-0.023509,-0.74041,80.393,1.9795
48.515,-0.27482,0.91923,71.335,3.6778,80.724,-0.028417,-0.98143,80.384,1.9796
47.27,-0.17148,20.669,71.306,3.6745,80.483,-0.039804,-2.2774,80.374,1.9797
46.265,-0.10284,13.727,71.276,3.6711,80.221,-0.052269,-2.493,80.365,1.9798
45.206,-0.13954,-7.34,71.245,3.6677,79.972,-0.061111,-1.7684,80.355,1.9799
45.412,-0.26364,-24.82,71.214,3.6644,79.6,-0.067341,-1.246,80.346,1.98
45.807,-0.41592,-30.455,71.183,3.6611,79.108,-0.078655,-2.2628,80.336,1.9801
42.063,-0.53995,-24.807,71.151,3.6578,78.67,-0.09775,-3.819,80.326,1.9803
35.757,-0.60278,-12.565,71.118,3.6545,78.208,-0.11988,-4.4255,80.316,1.9804
32.438,-0.56631,7.2936,71.086,3.6512,77.547,-0.13929,-3.883,80.307,1.9805
32.148,-0.38767,35.729,71.053,3.6479,76.639,-0.15015,-2.1723,80.297,1.9806
32.895,-0.095826,58.368,71.019,3.6447,75.555,-0.16701,-3.3706,80.287,1.9807
33.843,0.23722,66.61,70.985,3.6414,74.485,-0.21203,-9.0043,80.277,1.9809
35.242,0.45849,44.254,70.951,3.6382,73.295,-0.30219,-18.032,80.267,1.981
38.024,0.47218,2.7378,70.916,3.635,71.601,-0.4208,-23.722,80.257,1.9812
41.393,0.49515,4.593,70.881,3.6318,69.165,-0.51104,-18.049,80.247,1.9813
43.68,0.64825,30.621,70.845,3.6287,65.964,-0.5465,-7.0925,80.237,1.9814
46.195,0.75327,21.003,70.809,3.6255,62.572,-0.55491,-1.6821,80.227,1.9816
50.129,0.75513,0.37304,70.773,3.6224,59.715,-0.52838,5.3057,80.216,1.9817
55.423,0.71966,-7.0941,70.737,3.6193,58.039,-0.45719,14.239,80.206,1.9819
60.441,0.70294,-3.3435,70.7,3.6162,57.003,-0.37496,16.445,80.196,1.982
62.417,0.71853,3.1167,70.662,3.6132,55.27,-0.30873,13.246,80.186,1.9822
63.648,0.69607,-4.4923,70.624,3.6101,53.207,-0.23692,14.363,80.175,1.9824
67.437,0.63195,-12.824,70.586,3.6071,51.995,-0.19895,7.5939,80.165,1.9825
71.841,0.62123,-2.1433,70.548,3.604,50.829,-0.25977,-12.164,80.155,1.9827
74.895,0.58458,-7.3312,70.509,3.601,49.239,-0.39055,-26.156,80.144,1.9829
76.335,0.38741,-39.434,70.47,3.5979,47.338,-0.53101,-28.091,80.134,1.983
76.264,-0.021084,-81.698,70.431,3.5949,44.216,-0.71238,-36.274,80.123,1.9832
74.728,-0.58089,-111.96,70.391,3.5919,38.598,-0.92301,-42.128,80.113,1.9834
69.944,-1.0593,-95.691,70.351,3.5888,32.441,-1.0463,-24.66,80.102,1.9836
61.324,-1.3221,-52.557,70.311,3.5858,27.769,-1.0273,3.809,80.092,1.9837
52.724,-1.4195,-19.469,70.271,3.5828,23.514,-0.92306,20.841,80.081,1.9839
46.369,-1.3718,9.5442,70.23,3.5799,19.265,-0.75938,32.737,80.07,1.9841
41.57,-1.1985,34.659,70.189,3.5769,16.67,-0.57161,37.553,80.06,1.9843
37.379,-0.99018,41.657,70.147,3.5739,15.074,-0.45588,23.145,80.049,1.9845
33.034,-0.83939,30.157,70.105,3.571,12.912,-0.43314,4.5477,80.039,1.9847
28.698,-0.80643,6.592,70.063,3.5681,10.607,-0.38432,9.7644,80.028,1.9848
24.422,-0.86148,-11.01,70.021,3.5652,8.9359,-0.28365,20.135,80.017,1.985
19.826,-0.88061,-3.8277,69.979,3.5623,7.4916,-0.21554,13.622,80.007,1.9852
15.268,-0.81022,14.08,69.936,3.5594,6.418,-0.17989,7.1298,79.996,1.9854
12.002,-0.67056,27.932,69.893,3.5565,6.5323,-0.13296,9.3849,79.985,1.9856
9.9522,-0.49718,34.675,69.849,3.5536,6.8367,-0.10442,5.7086,79.974,1.9858
8.2767,-0.32382,34.672,69.806,3.5507,5.8122,-0.11548,-2.2116,79.964,1.9859
7.3465,-0.16169,32.425,69.762,3.5477,4.302,-0.13419,-3.7414,79.953,1.9861
7.3843,-0.032805,25.778,69.718,3.5448,3.5742,-0.12072,2.6938,79.942,1.9863
7.6321,0.044781,15.517,69.674,3.5419,3.4837,-0.068338,10.476,79.931,1.9865
7.8554,0.081846,7.4128,69.629,3.539,3.7429,0.0080795,15.283,79.92,1.9866
8.3054,0.10225,4.0805,69.585,3.5361,4.1645,0.088241,16.032,79.91,1.9868
8.8982,0.091293,-2.1911,69.54,3.5332,4.8239,0.12634,7.6191,79.899,1.987
9.3531,0.058119,-6.6347,69.495,3.5302,5.7152,0.105,-4.2676,79.888,1.9871
9.5431,0.052231,-1.1778,69.449,3.5273,6.0665,0.073766,-6.2465,79.877,1.9873
9.4933,0.057886,1.131,69.404,3.5244,5.8075,0.072521,-0.2491,79.866,1.9875
9.4951,0.020464,-7.4843,69.358,3.5214,5.9709,0.089859,3.4675,79.856,1.9876
9.7062,-0.020318,-8.1565,69.312,3.5185,6.7179,0.080868,-1.7981,79.845,1.9878
10.133,-0.019472,0.16926,69.266,3.5156,7.5394,0.058981,-4.3774,79.834,1.988
10.245,-0.01032,1.8305,69.22,3.5126,8.3572,0.092519,6.7076,79.823,1.9881
9.9245,0.051615,12.387,69.173,3.5097,9.266,0.201,21.696,79.812,1.9883
10.515,0.28769,47.215,69.127,3.5068,10.319,0.36295,32.39,79.801,1.9885
12.976,0.53318,49.097,69.08,3.5038,12.419,0.59336,46.082,79.791,1.9887
16.035,0.61776,16.916,69.033,3.5009,17.232,0.89024,59.377,79.78,1.9889
19.462,0.55719,-12.113,68.986,3.498,23.924,1.175,56.955,79.769,1.989
23.731,0.39388,-32.662,68.939,3.495,30.891,1.3671,38.422,79.758,1.9892
25.317,0.15049,-48.678,68.891,3.4921,38.022,1.4288,12.344,79.747,1.9894
21.346,-0.10407,-50.912,68.844,3.4892,44.992,1.3584,-14.085,79.736,1.9896
18.308,-0.26755,-32.697,68.796,3.4863,50.772,1.1902,-33.65,79.726,1.9899
18.271,-0.30453,-7.3951,68.748,3.4834,55.296,0.98695,-40.646,79.715,1.9901
18.364,-0.24549,11.808,68.7,3.4805,59.209,0.80608,-36.174,79.704,1.9903
18.183,-0.089206,31.256,68.652,3.4776,62.674,0.65765,-29.685,79.693,1.9905
18.318,0.10031,37.903,68.604,3.4747,65.612,0.54107,-23.317,79.683,1.9908
18.681,0.15883,11.705,68.556,3.4718,67.894,0.4602,-16.173,79.672,1.991
19.218,0.11896,-7.9743,68.508,3.4689,69.588,0.39861,-12.318,79.661,1.9912
20.338,0.20993,18.193,68.459,3.466,71.247,0.33734,-12.255,79.651,1.9915
22.044,0.34167,26.349,68.41,3.4631,73.033,0.28177,-11.113,79.64,1.9917
23.957,0.40119,11.905,68.362,3.4603,74.232,0.23983,-8.3893,79.629,1.992
26.554,0.47893,15.547,68.313,3.4574,75.018,0.20908,-6.1487,79.619,1.9922
30.09,0.59291,22.796,68.264,3.4545,75.92,0.18079,-5.6589,79.608,1.9925
33.09,0.67751,16.919,68.215,3.4517,76.735,0.14325,-7.5067,79.597,1.9927
35.576,0.73165,10.828,68.166,3.4489,77.242,0.10123,-8.404,79.587,1.993
39.871,0.77889,9.4493,68.117,3.446,77.623,0.071832,-5.8805,79.576,1.9933
45.041,0.78253,0.728,68.068,3.4432,77.944,0.050824,-4.2015,79.566,1.9935
48.43,0.72503,-11.501,68.019,3.4404,77.992,0.022263,-5.7122,79.555,1.9938
50.939,0.64452,-16.101,67.97,3.4376,77.89,0.0017346,-4.1058,79.545,1.9941
53.784,0.53151,-22.602,67.92,3.4349,77.894,-0.0005011,-0.44714,79.534,1.9944
55.843,0.34317,-37.667,67.871,3.4321,77.978,0.003354,0.77102,79.524,1.9947
56.716,0.19573,-29.489,67.822,3.4293,78.043,0.0069226,0.71371,79.513,1.9949
57.543,0.21776,4.4065,67.772,3.4266,78.11,0.013051,1.2256,79.503,1.9952
58.295,0.23102,2.6516,67.723,3.4238,78.193,0.019723,1.3345,79.493,1.9955
58.531,0.11936,-22.332,67.674,3.4211,78.281,0.020582,0.17173,79.482,1.9958
59.058,-0.013161,-26.504,67.624,3.4184,78.36,0.017688,-0.57879,79.472,1.9961
59.93,-0.14559,-26.486,67.575,3.4157,78.437,0.016553,-0.22691,79.462,1.9964
58.291,-0.33608,-38.097,67.525,3.413,78.559,0.017248,0.13888,79.452,1.9967
53.483,-0.53382,-39.548,67.476,3.4103,78.696,0.01963,0.47645,79.441,1.9969
49.909,-0.65878,-24.992,67.426,3.4076,78.768,0.024809,1.0358,79.431,1.9972
47.387,-0.71668,-11.58,67.377,3.4049,78.842,0.030283,1.0949,79.421,1.9975
43.768,-0.72186,-1.0367,67.327,3.4023,79.046,0.034241,0.79167,79.411,1.9978
40.092,-0.67274,9.8234,67.278,3.3996,79.298,0.037128,0.5774,79.401,1.9981
37.205,-0.64808,4.9328,67.228,3.3969,79.501,0.036571,-0.11154,79.391,1.9984
33.847,-0.74676,-19.737,67.179,3.3942,79.64,0.031259,-1.0623,79.381,1.9987
29.525,-0.88027,-26.701,67.13,3.3916,79.735,0.02603,-1.0458,79.371,1.999
24.878,-0.89038,-2.0221,67.08,3.3889,79.826,0.02138,-0.93,79.361,1.9993
20.242,-0.82401,13.273,67.031,3.3862,79.885,0.012236,-1.8288,79.352,1.9996
15.984,-0.72931,18.94,66.982,3.3835,79.879,0.0012886,-2.1895,79.342,1.9998
13.238,-0.57602,30.658,66.933,3.3809,79.899,-0.0073951,-1.7367,79.332,2.0001
12.105,-0.39713,35.778,66.883,3.3782,79.91,-0.015807,-1.6824,79.323,2.0004
11.145,-0.26804,25.819,66.834,3.3755,79.699,-0.026153,-2.0691,79.313,2.0007
9.9076,-0.20585,12.438,66.785,3.3729,79.389,-0.033799,-1.5291,79.303,2.001
8.7099,-0.1884,3.4889,66.736,3.3702,79.262,-0.036923,-0.62483,79.294,2.0013
7.5905,-0.19168,-0.65575,66.687,3.3676,79.156,-0.041707,-0.95688,79.284,2.0015
6.6104,-0.17888,2.561,66.639,3.3649,78.881,-0.049447,-1.548,79.275,2.0018
6.0348,-0.1122,13.337,66.59,3.3623,78.568,-0.056954,-1.5013,79.266,2.0021
5.9799,-0.013941,19.651,66.541,3.3597,78.252,-0.069528,-2.5149,79.256,2.0024
6.4033,0.063449,15.478,66.493,3.3571,77.753,-0.094044,-4.9032,79.247,2.0026
7.1008,0.11183,9.6761,66.444,3.3546,77.074,-0.12353,-5.8964,79.238,2.0029
7.8212,0.13497,4.6277,66.396,3.352,76.313,-0.15566,-6.4264,79.229,2.0032
8.4109,0.12844,-1.3054,66.348,3.3495,75.348,-0.20709,-10.286,79.219,2.0035
8.8101,0.10013,-5.6626,66.299,3.347,74.036,-0.27248,-13.077,79.21,2.0037
9.113,0.06729,-6.5675,66.251,3.3445,72.387,-0.32659,-10.824,79.201,2.004
9.3639,0.043584,-4.7412,66.203,3.342,70.42,-0.38072,-10.824,79.192,2.0043
9.5198,0.033091,-2.0987,66.156,3.3396,68.124,-0.44495,-12.847,79.184,2.0046
9.6093,0.022441,-2.1299,66.108,3.3371,65.69,-0.50415,-11.84,79.175,2.0049
9.7101,0.00859,-2.7703,66.06,3.3347,63.433,-0.51805,-2.7788,79.166,2.0052
9.8236,0.0048356,-0.75088,66.013,3.3323,61.125,-0.44944,13.721,79.157,2.0054
9.908,0.015377,2.1084,65.965,3.3299,58.674,-0.34113,21.662,79.149,2.0057
9.9085,0.034373,3.7992,65.918,3.3275,57.044,-0.26006,16.213,79.14,2.006
9.9786,0.054299,3.9852,65.871,3.3251,56.512,-0.20495,11.023,79.131,2.0063
10.46,0.067929,2.7258,65.824,3.3227,56.561,-0.17798,5.3946,79.123,2.0066
11.091,0.070507,0.51578,65.778,3.3204,55.903,-0.2074,-5.8854,79.114,2.0069
11.399,0.05957,-2.1876,65.731,3.318,53.743,-0.2618,-10.878,79.106,2.0072
11.437,0.0331,-5.294,65.685,3.3157,51.671,-0.281,-3.8415,79.098,2.0075
11.402,-0.0017965,-6.9792,65.638,3.3134,50.573,-0.25823,4.5552,79.09,2.0078
11.291,-0.02881,-5.4027,65.592,3.3111,49.292,-0.20965,9.7162,79.081,2.0081
11.158,-0.024538,0.8543,65.547,3.3088,48.155,-0.2012,1.6901,79.073,2.0085
11.166,0.022734,9.4545,65.501,3.3065,47.956,-0.26552,-12.864,79.065,2.0088
11.488,0.091747,13.803,65.455,3.3042,47.02,-0.38198,-23.293,79.057,2.0091
12.263,0.15301,12.253,65.41,3.3019,43.79,-0.50905,-25.413,79.049,2.0094
13.392,0.19027,7.4515,65.365,3.2996,39.447,-0.58916,-16.022,79.041,2.0098
14.632,0.20642,3.2307,65.32,3.2974,35.427,-0.6336,-8.8886,79.034,2.0101
15.69,0.20574,-0.13645,65.275,3.2951,32.754,-0.68802,-10.883,79.026,2.0105
16.446,0.16989,-7.1704,65.231,3.2929,30.461,-0.73864,-10.124,79.018,2.0108
17.059,0.13288,-7.4019,65.187,3.2906,26.913,-0.78647,-9.5656,79.011,2.0112
17.885,0.17431,8.286,65.142,3.2884,22.021,-0.88479,-19.664,79.003,2.0115
19.217,0.28591,22.319,65.099,3.2862,16.45,-0.9996,-22.962,78.996,2.0119
20.915,0.39757,22.332,65.055,3.2839,10.988,-1.0221,-4.4995,78.988,2.0123
23.287,0.51115,22.718,65.012,3.2817,6.3147,-0.9075,22.919,78.981,2.0127
27.223,0.6329,24.348,64.968,3.2795,2.9159,-0.67313,46.874,78.974,2.0131
31.467,0.72185,17.79,64.926,3.2773,1.0886,-0.40814,52.998,78.966,2.0134
34.444,0.76221,8.0723,64.883,3.2751,0.79551,-0.18601,44.426,78.959,2.0138
37.623,0.77832,3.2229,64.841,3.2729,1.0034,-0.010179,35.166,78.952,2.0142
42.123,0.76816,-2.0332,64.798,3.2707,1.161,0.11308,24.653,78.945,2.0146
46.147,0.71938,-9.755,64.756,3.2685,1.66,0.17379,12.141,78.938,2.015
49.225,0.68431,-7.0134,64.715,3.2663,2.765,0.22437,10.116,78.932,2.0154
52.407,0.6814,-0.58296,64.673,3.2641,4.5677,0.3094,17.005,78.925,2.0158
55.406,0.62119,-12.043,64.632,3.2619,6.7638,0.41261,20.642,78.918,2.0162
57.419,0.44615,-35.008,64.592,3.2598,8.9926,0.52143,21.764,78.911,2.0166
58.832,0.19764,-49.702,64.551,3.2576,11.868,0.62359,20.432,78.905,2.0169
59.509,-0.067778,-53.083,64.511,3.2555,15.781,0.682,11.684,78.898,2.0173
57.909,-0.33535,-53.514,64.471,3.2534,19.36,0.68089,-0.2229,78.892,2.0177
54.208,-0.54338,-41.607,64.431,3.2513,22.426,0.64271,-7.636,78.886,2.0181
49.986,-0.64433,-20.19,64.392,3.2491,25.877,0.60979,-6.5847,78.88,2.0185
46.549,-0.66607,-4.3487,64.353,3.2469,29.11,0.63941,5.9248,78.873,2.019
44.38,-0.6325,6.7141,64.314,3.2446,31.727,0.73819,19.755,78.867,2.0194
42.334,-0.54859,16.783,64.275,3.2422,35.282,0.85859,24.081,78.861,2.0198
39.832,-0.47452,14.813,64.237,3.2398,40.395,0.93164,14.61,78.855,2.0202
36.929,-0.48041,-1.1771,64.199,3.2373,46.119,0.87952,-10.424,78.85,2.0207
33.941,-0.53651,-11.22,64.161,3.2348,51.104,0.76948,-22.007,78.844,2.0211
31.143,-0.59171,-11.04,64.124,3.2322,53.766,0.65855,-22.188,78.838,2.0215
28.225,-0.63709,-9.076,64.087,3.2296,54.755,0.51435,-28.838,78.832,2.022
24.991,-0.65694,-3.9692,64.05,3.227,55.947,0.37352,-28.167,78.827,2.0224
21.81,-0.64809,1.7688,64.013,3.2243,58.106,0.32631,-9.4417,78.822,2.0229
18.835,-0.59548,10.523,63.977,3.2216,61.251,0.36653,8.0444,78.816,2.0234
15.887,-0.49484,20.128,63.94,3.2189,63.433,0.42736,12.165,78.811,2.0238
13.586,-0.36647,25.673,63.905,3.2162,64.885,0.45052,4.6328,78.806,2.0243
12.773,-0.24077,25.14,63.869,3.2134,66.832,0.39851,-10.403,78.801,2.0248
12.651,-0.14818,18.517,63.833,3.2107,68.682,0.30876,-17.949,78.796,2.0253
12.306,-0.10767,8.1025,63.798,3.208,69.849,0.23995,-13.762,78.791,2.0257
11.495,-0.12078,-2.6214,63.763,3.2053,70.807,0.20854,-6.2826,78.786,2.0262
10.306,-0.16995,-9.8346,63.729,3.2026,71.74,0.19114,-3.4798,78.781,2.0267
9.1179,-0.22504,-11.018,63.694,3.1999,72.404,0.13771,-10.686,78.776,2.0272
8.0208,-0.23726,-2.4435,63.66,3.1973,72.889,0.087409,-10.061,78.772,2.0277
6.922,-0.19214,9.0239,63.626,3.1947,73.359,0.068937,-3.6943,78.767,2.0282
6.1462,-0.14052,10.325,63.592,3.1921,73.624,0.053129,-3.1616,78.763,2.0287
5.9132,-0.10201,7.7017,63.559,3.1896,73.606,0.033235,-3.9787,78.759,2.0292
5.8013,-0.066856,7.0304,63.525,3.1871,73.67,0.025574,-1.5323,78.754,2.0297
5.5573,-0.040514,5.2684,63.492,3.1847,73.93,0.026312,0.14767,78.75,2.0302
5.1491,-0.023316,3.4396,63.459,3.1823,74.134,0.026018,-0.058786,78.746,2.0307
4.8922,-0.0098158,2.7001,63.427,3.18,74.256,0.027069,0.21009,78.742,2.0312
5.1551,0.003899,2.743,63.394,3.1778,74.364,0.029052,0.39666,78.738,2.0316
5.4762,0.02489,4.1982,63.362,3.1756,74.461,0.025091,-0.79231,78.735,2.0321
5.5273,0.046011,4.2242,63.33,3.1735,74.545,0.017253,-1.5675,78.731,2.0326
5.7126,0.048689,0.53563,63.298,3.1715,74.635,0.015411,-0.36851,78.727,2.0331
6.0353,0.038237,-2.0905,63.266,3.1695,74.739,0.018828,0.6834,78.724,2.0336
6.1615,0.019278,-3.7919,63.235,3.1676,74.858,0.021058,0.4461,78.72,2.0341
6.1287,-0.0084673,-5.549,63.204,3.1657,74.974,0.023346,0.45754,78.717,2.0346
6.1317,-0.0017434,1.3448,63.173,3.1639,75.082,0.027151,0.76099,78.714,2.0351
6.3351,0.059546,12.258,63.142,3.1621,75.227,0.031733,0.91645,78.711,2.0356
6.8073,0.13454,14.998,63.111,3.1604,75.43,0.036233,0.89996,78.708,2.0361
7.4789,0.1873,10.552,63.081,3.1587,75.639,0.0398,0.71336,78.705,2.0366
8.7558,0.22195,6.9318,63.05,3.1571,75.84,0.040645,0.16916,78.702,2.0371
10.817,0.23945,3.4993,63.02,3.1555,76.046,0.038849,-0.35938,78.699,2.0376
12.073,0.22658,-2.5731,62.99,3.154,76.233,0.037621,-0.24549,78.697,2.038
12.077,0.18591,-8.1351,62.96,3.1524,76.386,0.036317,-0.26092,78.694,2.0385
12.415,0.13391,-10.4,62.931,3.1509,76.512,0.030225,-1.2183,78.692,2.039
13.508,0.097325,-7.3172,62.901,3.1495,76.631,0.021091,-1.8268,78.689,2.0395
14.166,0.089972,-1.4706,62.872,3.1481,76.751,0.011476,-1.923,78.687,2.0399
14.373,0.10571,3.1472,62.843,3.1466,76.8,0.00026737,-2.2418,78.685,2.0404
14.897,0.13199,5.2565,62.814,3.1453,76.679,-0.010501,-2.1537,78.683,2.0409
15.714,0.14148,1.8979,62.785,3.1439,76.51,-0.014476,-0.79505,78.681,2.0413
16.56,0.11692,-4.9127,62.757,3.1425,76.446,-0.017463,-0.59734,78.679,2.0418
17.125,0.087886,-5.806,62.728,3.1412,76.348,-0.028514,-2.2102,78.677,2.0422
17.716,0.12376,7.1743,62.7,3.1399,76.158,-0.041646,-2.6264,78.676,2.0426
18.999,0.25702,26.653,62.672,3.1385,75.955,-0.051906,-2.0521,78.674,2.0431
20.738,0.4421,37.016,62.644,3.1372,75.603,-0.070191,-3.657,78.673,2.0435
23.018,0.6418,39.938,62.616,3.1359,74.932,-0.10477,-6.916,78.671,2.044
27.501,0.84048,39.737,62.588,3.1346,74.217,-0.15458,-9.961,78.67,2.0444
33.924,0.97338,26.579,62.56,3.1333,73.573,-0.18144,-5.3737,78.669,2.0448
39.299,0.97912,1.1482,62.533,3.1319,72.648,-0.16463,3.3631,78.668,2.0453
42.806,0.902,-15.425,62.506,3.1306,71.421,-0.14897,3.1322,78.667,2.0457
46.514,0.79917,-20.565,62.478,3.1293,70.305,-0.17435,-5.0764,78.666,2.0461
50.189,0.69178,-21.477,62.451,3.128,69.468,-0.24497,-14.124,78.665,2.0465
52.788,0.62402,-13.554,62.424,3.1267,68.662,-0.35204,-21.414,78.665,2.047
55.73,0.6425,3.6964,62.397,3.1254,66.512,-0.4782,-25.232,78.664,2.0474
59.68,0.6815,7.8003,62.371,3.1241,62.868,-0.55652,-15.663,78.664,2.0478
63.047,0.62202,-11.895,62.344,3.1228,59.463,-0.54112,3.0789,78.663,2.0483
65.292,0.43011,-38.383,62.318,3.1215,56.918,-0.48613,10.998,78.663,2.0487
66.441,0.18103,-49.817,62.291,3.1202,55.014,-0.41982,13.262,78.663,2.0491
66.121,-0.078039,-51.813,62.265,3.119,53.978,-0.2858,26.805,78.662,2.0495
64.082,-0.33419,-51.229,62.239,3.1178,53.665,-0.18251,20.658,78.662,2.05
60.77,-0.5361,-40.383,62.213,3.1166,52.025,-0.27403,-18.304,78.662,2.0504
57.21,-0.6503,-22.841,62.187,3.1154,48.585,-0.52952,-51.098,78.662,2.0509
54.505,-0.69676,-9.2921,62.161,3.1143,45.336,-0.82697,-59.49,78.663,2.0513
51.581,-0.69808,-0.26261,62.135,3.1131,41.217,-1.0922,-53.04,78.663,2.0517
47.401,-0.70059,-0.50319,62.109,3.112,33.515,-1.2596,-33.496,78.663,2.0522
43.256,-0.76374,-12.63,62.084,3.1109,25.548,-1.2677,-1.6013,78.664,2.0526
39.685,-0.86515,-20.281,62.058,3.1097,20.176,-1.1466,24.204,78.664,2.0531
35.508,-0.92716,-12.404,62.033,3.1086,16.143,-0.99143,31.04,78.665,2.0535
30.407,-0.9191,1.6131,62.008,3.1075,12.873,-0.77373,43.539,78.665,2.054
25.349,-0.8432,15.179,61.982,3.1064,10.464,-0.48264,58.218,78.666,2.0544
21.403,-0.73738,21.165,61.957,3.1053,8.5328,-0.28244,40.041,78.667,2.0549
19.185,-0.61165,25.146,61.932,3.1043,6.7508,-0.24661,7.1663,78.668,2.0554
17.458,-0.44674,32.982,61.907,3.1032,5.8878,-0.22718,3.8851,78.669,2.0558
15.334,-0.30774,27.8,61.882,3.1022,6.0018,-0.17617,10.201,78.67,2.0563
13.661,-0.27549,6.4505,61.857,3.1012,5.1151,-0.14324,6.5871,78.671,2.0567
12.38,-0.34977,-14.856,61.833,3.1002,3.4693,-0.12144,4.3589,78.672,2.0571
10.62,-0.46208,-22.464,61.808,3.0992,2.9262,-0.099136,4.4618,78.673,2.0576
7.9994,-0.52577,-12.736,61.783,3.0982,3.0532,-0.08332,3.1631,78.675,2.058
4.7738,-0.50097,4.9597,61.759,3.0973,2.897,-0.070657,2.5326,78.676,2.0584
2.0695,-0.41773,16.649,61.734,3.0964,2.6685,-0.04394,5.3434,78.677,2.0589
0.56719,-0.29174,25.198,61.71,3.0955,2.5121,-0.0086415,7.0598,78.679,2.0593
0.46422,-0.12254,33.84,61.685,3.0946,2.4001,0.0040993,2.5482,78.681,2.0597
1.2573,0.040357,32.579,61.661,3.0938,2.3982,0.0049139,0.16293,78.682,2.0601
2.0095,0.13934,19.797,61.637,3.093,2.7017,0.053663,9.7499,78.684,2.0604
2.4869,0.15124,2.3798,61.612,3.0922,3.5318,0.17902,25.071,78.686,2.0608
2.7557,0.09623,-11.002,61.588,3.0914,4.9733,0.29421,23.038,78.688,2.0612
2.8355,0.02478,-14.29,61.564,3.0907,6.5543,0.31448,4.0535,78.69,2.0615
2.7157,-0.037652,-12.486,61.54,3.0899,8.3913,0.32888,2.8806,78.691,2.0619
2.363,-0.079723,-8.4141,61.516,3.0892,11.399,0.42498,19.219,78.694,2.0622
1.8697,-0.099018,-3.8591,61.492,3.0885,14.287,0.57932,30.869,78.696,2.0626
1.3975,-0.10396,-0.98824,61.468,3.0878,16.038,0.76385,36.905,78.698,2.0629
0.90674,-0.09563,1.6659,61.444,3.0871,20.113,0.9903,45.29,78.7,2.0633
0.48483,-0.065718,5.9824,61.42,3.0864,27.909,1.178,37.55,78.702,2.0636
0.49892,-0.0050932,12.125,61.396,3.0857,35.109,1.2133,7.0593,78.705,2.0639
1.0389,0.089247,18.868,61.372,3.0851,40.344,1.129,-16.869,78.707,2.0643
1.8628,0.20425,23.0,61.349,3.0844,45.005,0.97466,-30.868,78.71,2.0646
3.0967,0.3066,20.47,61.325,3.0837,48.526,0.70342,-54.249,78.712,2.065
4.9511,0.35436,9.5528,61.301,3.083,49.649,0.38542,-63.6,78.715,2.0653
6.961,0.31116,-8.6414,61.277,3.0823,50.561,0.21912,-33.258,78.717,2.0657
8.4561,0.20517,-21.197,61.253,3.0816,52.763,0.25136,6.447,78.72,2.066
8.9073,0.090875,-22.859,61.23,3.0808,54.46,0.36931,23.59,78.723,2.0663
8.2905,-0.019523,-22.08,61.206,3.0801,55.968,0.51472,29.083,78.726,2.0667
7.2665,-0.10769,-17.634,61.182,3.0793,59.246,0.65124,27.304,78.728,2.067
6.6971,-0.10192,1.1534,61.159,3.0785,63.76,0.71136,12.022,78.731,2.0674
7.1632,0.0015812,20.701,61.135,3.0777,67.942,0.66775,-8.7203,78.734,2.0678
7.9852,0.13354,26.392,61.111,3.0768,70.683,0.58677,-16.196,78.737,2.0681
8.9861,0.27265,27.821,61.087,3.076,72.031,0.48113,-21.13,78.74,2.0685
11.025,0.39536,24.542,61.064,3.0751,73.317,0.32244,-31.737,78.743,2.0688
13.781,0.44025,8.9782,61.04,3.0741,74.733,0.18723,-27.042,78.746,2.0692
15.861,0.44196,0.3422,61.016,3.0732,75.704,0.14078,-9.29,78.75,2.0696
18.006,0.48996,9.6,60.993,3.0722,76.338,0.14101,0.046959,78.753,2.0699
20.999,0.5658,15.168,60.969,3.0711,76.874,0.1387,-0.46189,78.756,2.0703
23.684,0.60818,8.476,60.945,3.07,77.433,0.11615,-4.5102,78.759,2.0707
26.488,0.64489,7.341,60.921,3.0689,78.003,0.083695,-6.4916,78.763,2.071
31.013,0.71985,14.993,60.898,3.0677,78.347,0.066322,-3.4745,78.766,2.0714
35.667,0.81592,19.213,60.874,3.0664,78.532,0.054239,-2.4166,78.77,2.0718
38.926,0.87311,11.437,60.85,3.0652,78.736,0.03424,-3.9999,78.773,2.0722
42.628,0.86305,-2.0108,60.826,3.0638,78.853,0.015603,-3.7274,78.777,2.0726
47.402,0.80502,-11.606,60.802,3.0625,78.787,0.0046058,-2.1994,78.78,2.073
51.762,0.71183,-18.639,60.779,3.0612,78.757,0.001959,-0.52937,78.784,2.0734
54.788,0.61159,-20.047,60.755,3.0599,78.835,0.0016436,-0.063074,78.787,2.0738
56.268,0.50353,-21.612,60.731,3.0587,78.864,-0.003298,-0.98832,78.791,2.0741
57.2,0.30524,-39.658,60.707,3.0575,78.827,-0.00579,-0.49839,78.795,2.0746
58.484,0.03514,-54.021,60.683,3.0565,78.766,-0.0060747,-0.056934,78.799,2.075
58.497,-0.17987,-43.001,60.659,3.0556,78.67,-0.016279,-2.0409,78.802,2.0754
56.403,-0.32008,-28.043,60.635,3.0548,78.541,-0.028487,-2.4415,78.806,2.0758
53.213,-0.44013,-24.01,60.611,3.0541,78.426,-0.025622,0.57288,78.81,2.0762
49.939,-0.5461,-21.194,60.586,3.0535,78.289,-0.024199,0.28467,78.814,2.0766
47.254,-0.63252,-17.284,60.562,3.053,78.033,-0.038499,-2.8601,78.818,2.077
44.493,-0.7198,-17.457,60.538,3.0524,77.796,-0.052407,-2.7815,78.822,2.0774
40.566,-0.8253,-21.1,60.514,3.0519,77.68,-0.059117,-1.342,78.826,2.0778
35.638,-0.97237,-29.414,60.489,3.0513,77.302,-0.075111,-3.1989,78.83,2.0782
30.138,-1.1147,-28.462,60.465,3.0507,76.554,-0.093106,-3.599,78.834,2.0787
23.859,-1.1704,-11.154,60.441,3.05,76.042,-0.097848,-0.94842,78.838,2.0791
17.547,-1.0935,15.382,60.417,3.0491,75.715,-0.12014,-4.4588,78.842,2.0795
13.044,-0.89145,40.417,60.392,3.0482,74.989,-0.15878,-7.7278,78.846,2.0799
10.392,-0.63844,50.602,60.368,3.0473,73.995,-0.15814,0.1289,78.85,2.0803
8.8556,-0.40546,46.597,60.344,3.0462,73.18,-0.14346,2.9351,78.854,2.0806
7.9852,-0.22046,37.0,60.319,3.0451,72.014,-0.19922,-11.152,78.858,2.081
7.4404,-0.094425,25.207,60.295,3.044,70.307,-0.32064,-24.284,78.862,2.0814
6.9568,-0.030369,12.811,60.271,3.0429,68.919,-0.44886,-25.645,78.867,2.0818
6.6426,0.0082105,7.716,60.246,3.0417,66.88,-0.55323,-20.873,78.871,2.0821
6.8047,0.058071,9.972,60.222,3.0405,62.758,-0.62408,-14.171,78.875,2.0825
7.4151,0.089409,6.2676,60.198,3.0393,58.347,-0.65324,-5.8303,78.879,2.0829
8.2114,0.078275,-2.2268,60.174,3.0381,55.673,-0.61185,8.2774,78.884,2.0832
8.6067,0.025234,-10.608,60.15,3.0369,54.04,-0.48541,25.288,78.888,2.0835
8.2747,-0.050991,-15.245,60.125,3.0358,52.696,-0.30142,36.798,78.892,2.0839
7.3037,-0.12758,-15.318,60.101,3.0347,51.619,-0.1094,38.403,78.896,2.0842
6.0649,-0.18477,-11.437,60.077,3.0336,51.227,-0.0007428,21.732,78.901,2.0845
5.0407,-0.20262,-3.5699,60.053,3.0326,51.887,-0.00047579,0.053403,78.905,2.0848
4.3735,-0.17384,5.7547,60.029,3.0317,52.451,-0.015068,-2.9185,78.909,2.0851
3.9956,-0.12099,10.57,60.005,3.0308,51.906,-0.011547,0.7042,78.914,2.0854
3.5888,-0.078627,8.4732,59.981,3.0301,51.051,-0.036688,-5.0283,78.918,2.0857
3.1712,-0.05981,3.7633,59.957,3.0294,50.512,-0.08806,-10.274,78.922,2.086
3.0209,-0.050311,1.8998,59.934,3.0288,50.331,-0.13459,-9.3052,78.927,2.0863
3.0221,-0.019612,6.1398,59.91,3.0283,50.032,-0.14984,-3.0507,78.931,2.0866
3.0325,0.038262,11.575,59.886,3.028,49.051,-0.13799,2.3703,78.935,2.0869
3.5308,0.10904,14.155,59.863,3.0276,47.94,-0.14366,-1.1353,78.94,2.0872
4.8757,0.2414,26.472,59.839,3.0274,47.188,-0.17031,-5.3287,78.944,2.0875
7.1261,0.45863,43.446,59.816,3.0271,46.53,-0.17551,-1.0402,78.948,2.0877
10.08,0.69203,46.68,59.792,3.0268,45.833,-0.14713,5.6757,78.953,2.088
13.567,0.83849,29.292,59.769,3.0264,45.164,-0.09959,9.5079,78.957,2.0883
17.983,0.79115,-9.4689,59.746,3.026,44.745,-0.064271,7.0638,78.961,2.0886
22.783,0.56352,-45.525,59.722,3.0256,44.713,-0.043703,4.1136,78.966,2.0889
25.063,0.2829,-56.124,59.699,3.0251,44.869,-0.0011323,8.5142,78.97,2.0892
23.875,0.030008,-50.578,59.676,3.0246,45.109,0.06409,13.044,78.974,2.0895
21.224,-0.15331,-36.664,59.654,3.024,45.514,0.12633,12.448,78.979,2.0898
19.23,-0.22026,-13.39,59.631,3.0234,46.318,0.19407,13.549,78.983,2.0901
19.561,-0.15933,12.186,59.608,3.0228,47.767,0.26293,13.772,78.987,2.0904
20.993,-0.023422,27.182,59.586,3.0222,49.418,0.29042,5.4987,78.991,2.0907
21.61,0.1024,25.164,59.563,3.0215,50.798,0.27391,-3.3037,78.996,2.091
21.89,0.14,7.5207,59.541,3.0209,52.069,0.24266,-6.2501,79.0,2.0913
22.177,0.091274,-9.7452,59.519,3.0202,53.162,0.1779,-12.951,79.004,2.0916
21.943,0.029199,-12.415,59.497,3.0195,53.386,0.079813,-19.617,79.008,2.0919
21.754,0.0344,1.0403,59.475,3.0188,53.207,0.04381,-7.2006,79.013,2.0922
22.843,0.14605,22.33,59.453,3.018,53.8,0.093326,9.9033,79.017,2.0925
24.779,0.30664,32.118,59.431,3.0173,54.492,0.14593,10.52,79.021,2.0928
26.746,0.4549,29.652,59.41,3.0166,54.705,0.15311,1.4359,79.025,2.0931
29.379,0.57995,25.01,59.388,3.0159,55.878,0.12445,-5.7318,79.029,2.0933
32.899,0.65576,15.162,59.367,3.0152,57.631,0.072475,-10.394,79.033,2.0936
36.539,0.66207,1.2618,59.346,3.0145,57.346,0.0096358,-12.568,79.037,2.0939
39.797,0.62299,-7.8162,59.325,3.0138,55.895,-0.0233,-6.5872,79.041,2.0942
42.533,0.5832,-7.9587,59.304,3.0131,55.518,0.0094118,6.5424,79.046,2.0945
45.027,0.5586,-4.919,59.283,3.0124,56.422,0.089367,15.991,79.05,2.0948
47.589,0.54311,-3.0977,59.263,3.0118,58.022,0.2091,23.947,79.054,2.095
50.252,0.54483,0.34272,59.242,3.0112,59.993,0.37332,32.844,79.057,2.0953
53.117,0.55654,2.3417,59.222,3.0106,62.234,0.50141,25.619,79.061,2.0955
56.335,0.55396,-0.51456,59.202,3.0101,64.787,0.5151,2.7379,79.065,2.0958
59.249,0.53196,-4.4006,59.182,3.0096,67.298,0.47286,-8.4479,79.069,2.0961
61.168,0.48275,-9.841,59.162,3.0091,69.448,0.42996,-8.5797,79.073,2.0963
62.709,0.39593,-17.364,59.143,3.0086,71.227,0.37712,-10.568,79.077,2.0965
64.257,0.26988,-25.21,59.124,3.0082,72.71,0.31332,-12.761,79.081,2.0968
65.321,0.11276,-31.424,59.104,3.0079,74.027,0.25363,-11.937,79.084,2.097
65.495,-0.032697,-29.092,59.085,3.0076,75.156,0.20998,-8.7307,79.088,2.0972
64.509,-0.13587,-20.634,59.067,3.0074,76.018,0.18617,-4.7627,79.092,2.0975
62.736,-0.2076,-14.347,59.048,3.0072,76.783,0.1706,-3.1133,79.095,2.0977
60.845,-0.30482,-19.444,59.03,3.007,77.609,0.1541,-3.3003,79.099,2.0979
59.077,-0.44476,-27.988,59.012,3.0069,78.372,0.13486,-3.8473,79.103,2.0981
57.238,-0.57703,-26.454,58.994,3.0069,78.972,0.11534,-3.9042,79.106,2.0984
54.334,-0.67319,-19.232,58.976,3.0068,79.435,0.09737,-3.594,79.11,2.0986
49.984,-0.74026,-13.415,58.958,3.0068,79.778,0.076626,-4.1489,79.113,2.0988
44.762,-0.77228,-6.4028,58.941,3.0068,80.024,0.055449,-4.2354,79.116,2.099
40.796,-0.74226,6.0028,58.924,3.0069,80.245,0.045213,-2.0473,79.12,2.0992
38.663,-0.64074,20.306,58.907,3.007,80.476,0.042463,-0.5499,79.123,2.0994
36.513,-0.50729,26.69,58.89,3.007,80.646,0.034731,-1.5464,79.126,2.0996
33.929,-0.44207,13.044,58.874,3.0071,80.771,0.022168,-2.5127,79.13,2.0998
31.463,-0.51074,-13.735,58.858,3.0072,80.899,0.0093415,-2.5652,79.133,2.1001
28.631,-0.66508,-30.869,58.842,3.0073,80.908,-0.0024633,-2.3609,79.136,2.1003
24.811,-0.81217,-29.417,58.826,3.0074,80.716,-0.011439,-1.7952,79.139,2.1005
19.931,-0.85477,-8.5189,58.81,3.0075,80.563,-0.015079,-0.72797,79.142,2.1007
14.881,-0.78985,12.984,58.795,3.0076,80.56,-0.015644,-0.11303,79.145,2.1009
11.503,-0.67318,23.334,58.78,3.0077,80.547,-0.01749,-0.36907,79.148,2.1011
9.8271,-0.51758,31.119,58.765,3.0078,80.466,-0.019503,-0.40266,79.151,2.1013
8.6693,-0.33957,35.603,58.751,3.0078,80.342,-0.021628,-0.42492,79.154,2.1016
7.7344,-0.1884,30.232,58.736,3.0079,80.165,-0.029322,-1.5388,79.156,2.1018
6.9996,-0.084841,20.713,58.722,3.008,79.934,-0.040303,-2.1963,79.159,2.102
6.6031,-0.010984,14.772,58.709,3.008,79.718,-0.043475,-0.63437,79.162,2.1022
6.7234,0.065057,15.208,58.695,3.0081,79.543,-0.039986,0.69774,79.164,2.1024
7.5231,0.16569,20.127,58.682,3.0082,79.361,-0.037372,0.52292,79.167,2.1026
8.9304,0.24347,15.555,58.669,3.0082,79.172,-0.034823,0.50967,79.17,2.1028
10.645,0.25882,3.0707,58.656,3.0083,79.036,-0.030832,0.79835,79.172,2.103
12.008,0.23134,-5.4968,58.644,3.0084,78.908,-0.028868,0.39276,79.175,2.1033
12.521,0.15841,-14.585,58.632,3.0084,78.737,-0.028403,0.09303,79.177,2.1035
12.393,0.040269,-23.628,58.62,3.0085,78.602,-0.024482,0.78411,79.179,2.1037
11.956,-0.077895,-23.633,58.609,3.0086,78.536,-0.018862,1.1241,79.182,2.1039
11.522,-0.13851,-12.122,58.597,3.0086,78.463,-0.014575,0.85726,79.184,2.1041
10.827,-0.16235,-4.7694,58.586,3.0087,78.383,-0.0087525,1.1646,79.186,2.1043
9.5168,-0.17809,-3.1483,58.576,3.0088,78.381,-0.0018475,1.381,79.188,2.1045
8.4598,-0.19316,-3.0131,58.565,3.0088,78.393,-0.0026911,-0.16872,79.191,2.1047
8.0432,-0.20323,-2.0138,58.555,3.0089,78.322,-0.010933,-1.6484,79.193,2.1049
7.3028,-0.19575,1.4955,58.546,3.009,78.226,-0.019756,-1.7645,79.195,2.1051
5.7325,-0.19114,0.92273,58.536,3.009,78.06,-0.037276,-3.504,79.197,2.1053
4.7727,-0.1825,1.7284,58.527,3.0091,77.688,-0.069776,-6.5,79.199,2.1054
4.5859,-0.087408,19.018,58.518,3.0092,77.147,-0.11191,-8.4267,79.201,2.1056
4.5861,0.048422,27.166,58.51,3.0093,76.543,-0.14792,-7.2024,79.203,2.1058
4.7027,0.1064,11.596,58.502,3.0094,75.701,-0.15936,-2.2869,79.204,2.106
5.2501,0.10008,-1.2642,58.494,3.0095,74.57,-0.16381,-0.89137,79.206,2.1062
6.831,0.066665,-6.6836,58.486,3.0096,73.5,-0.18694,-4.6247,79.208,2.1064
8.0074,0.021495,-9.0341,58.479,3.0097,72.548,-0.23144,-8.9007,79.21,2.1065
6.1237,0.0010214,-4.0946,58.472,3.0098,71.482,-0.29442,-12.596,79.212,2.1067
4.3159,-0.0010922,-0.42273,58.466,3.0099,69.786,-0.38227,-17.57,79.213,2.1069
5.6575,0.0050513,1.2287,58.46,3.0101,67.039,-0.47728,-19.003,79.215,2.107
7.2092,0.02951,4.8917,58.454,3.0102,64.046,-0.55151,-14.845,79.216,2.1072
7.6317,0.093421,12.782,58.448,3.0104,61.324,-0.5642,-2.5387,79.218,2.1073
7.9709,0.19161,19.638,58.443,3.0105,58.633,-0.49765,13.31,79.22,2.1075
8.6865,0.25809,13.295,58.438,3.0106,56.211,-0.41891,15.748,79.221,2.1076
9.7703,0.25024,-1.57,58.434,3.0108,54.711,-0.3738,9.0213,79.223,2.1078
11.33,0.25834,1.6203,58.43,3.011,53.704,-0.34203,6.3539,79.224,2.1079
13.263,0.29478,7.288,58.426,3.0111,52.509,-0.30865,6.6757,79.225,2.108
14.955,0.25951,-7.0546,58.423,3.0113,50.536,-0.2555,10.63,79.227,2.1082
16.033,0.18325,-15.251,58.42,3.0114,48.302,-0.20816,9.4689,79.228,2.1083
16.421,0.15193,-6.2647,58.418,3.0116,47.599,-0.19339,2.9529,79.229,2.1084
16.833,0.21905,13.424,58.415,3.0117,47.989,-0.16857,4.9653,79.231,2.1085
18.392,0.38255,32.7,58.414,3.0119,47.669,-0.10881,11.951,79.232,2.1086
21.447,0.59291,42.072,58.412,3.0121,46.53,-0.092263,3.3104,79.233,2.1087
25.946,0.80628,42.673,58.411,3.0122,44.951,-0.17153,-15.854,79.234,2.1088
31.348,0.97318,33.38,58.411,3.0124,43.531,-0.33657,-33.007,79.235,2.1089
36.73,1.0407,13.505,58.41,3.0125,41.969,-0.52794,-38.275,79.236,2.109
41.092,0.97867,-12.405,58.41,3.0126,38.763,-0.67899,-30.211,79.237,2.1091
44.687,0.80298,-35.137,58.411,3.0128,33.87,-0.79613,-23.428,79.238,2.1091
47.991,0.5722,-46.156,58.412,3.0129,29.052,-0.88998,-18.77,79.239,2.1092
50.131,0.34362,-45.718,58.413,3.013,24.692,-0.92107,-6.2173,79.24,2.1093
50.673,0.14876,-38.972,58.415,3.0132,20.621,-0.85671,12.873,79.241,2.1093
50.21,-0.0069114,-31.134,58.417,3.0133,17.147,-0.69109,33.123,79.242,2.1094
49.391,-0.10618,-19.855,58.42,3.0135,14.521,-0.49489,39.24,79.243,2.1095
48.673,-0.16031,-10.825,58.423,3.0136,12.755,-0.35094,28.79,79.244,2.1096
47.776,-0.23596,-15.131,58.426,3.0138,11.755,-0.24674,20.841,79.245,2.1097
46.363,-0.32622,-18.051,58.43,3.0139,11.293,-0.14719,19.91,79.246,2.1098
44.6,-0.3818,-11.117,58.434,3.0141,10.884,-0.076937,14.051,79.246,2.11
42.235,-0.48158,-19.956,58.439,3.0142,10.349,-0.0055272,14.282,79.247,2.1102
38.348,-0.66445,-36.573,58.444,3.0144,10.339,0.090983,19.302,79.248,2.1105
33.735,-0.84099,-35.309,58.45,3.0145,10.945,0.076555,-2.8856,79.248,2.1108
30.44,-0.92639,-17.079,58.456,3.0147,11.491,-0.042531,-23.817,79.249,2.1112
26.473,-0.91075,3.1272,58.462,3.0148,11.97,-0.068683,-5.2304,79.25,2.1116
20.31,-0.81586,18.98,58.469,3.015,12.415,0.026847,19.106,79.25,2.112
16.173,-0.67332,28.507,58.476,3.0152,11.775,0.17876,30.382,79.251,2.1125
15.004,-0.5171,31.244,58.483,3.0153,11.71,0.45648,55.543,79.252,2.1129
14.177,-0.37627,28.167,58.491,3.0155,17.263,0.88584,85.872,79.252,2.1134
12.841,-0.23515,28.223,58.5,3.0156,26.113,1.3219,87.212,79.253,2.1138
11.563,-0.093407,28.349,58.508,3.0158,33.3,1.6031,56.249,79.253,2.1142
10.875,-0.038011,11.079,58.518,3.016,40.916,1.6565,10.666,79.254,2.1146
10.962,-0.053685,-3.1348,58.527,3.0161,49.665,1.4546,-40.374,79.254,2.1149
11.291,-0.011165,8.5039,58.537,3.0163,55.254,1.0341,-84.1,79.254,2.1152
11.599,0.061594,14.552,58.548,3.0164,57.035,0.56968,-92.882,79.255,2.1155
11.895,0.085848,4.8509,58.559,3.0166,57.604,0.25878,-62.181,79.255,2.1158
12.141,0.06484,-4.2017,58.57,3.0168,57.991,0.077591,-36.237,79.256,2.116
12.292,0.029933,-6.9813,58.581,3.0169,58.214,0.0035283,-14.813,79.256,2.1162
12.355,0.0036624,-5.2541,58.593,3.0171,58.835,0.12769,24.833,79.256,2.1164
12.322,-0.013117,-3.3559,58.606,3.0173,60.348,0.3503,44.52,79.257,2.1165
12.129,-0.034529,-4.2823,58.619,3.0174,62.997,0.47558,25.057,79.257,2.1167
11.838,-0.049821,-3.0585,58.632,3.0176,66.203,0.50223,5.3301,79.257,2.1168
11.587,-0.050615,-0.15889,58.646,3.0178,68.863,0.48667,-3.1133,79.257,2.1169
11.323,-0.052327,-0.34236,58.66,3.0179,70.624,0.42541,-12.251,79.257,2.117
10.976,-0.057799,-1.0944,58.674,3.0181,71.676,0.32731,-19.62,79.258,2.1171
10.729,-0.059962,-0.43267,58.689,3.0183,72.66,0.23456,-18.549,79.258,2.1171
10.572,-0.067833,-1.5741,58.705,3.0184,73.888,0.17452,-12.01,79.258,2.1172
10.166,-0.085077,-3.4489,58.721,3.0186,74.873,0.15179,-4.5451,79.258,2.1172
9.5955,-0.077304,1.5547,58.737,3.0188,75.571,0.14568,-1.2231,79.258,2.1173
9.3543,-0.03396,8.6688,58.753,3.0189,76.167,0.12991,-3.1524,79.258,2.1173
9.3019,0.0072471,8.2414,58.77,3.0191,76.631,0.10231,-5.5214,79.259,2.1173
9.3557,0.033154,5.1814,58.788,3.0193,76.926,0.072727,-5.9161,79.259,2.1174
9.9214,0.05421,4.2111,58.805,3.0194,77.208,0.055932,-3.359,79.259,2.1174
10.785,0.072668,3.6916,58.824,3.0196,77.554,0.051397,-0.90689,79.259,2.1174
10.928,0.079877,1.4419,58.842,3.0198,77.818,0.045246,-1.2303,79.259,2.1174
10.657,0.068711,-2.2332,58.861,3.02,77.965,0.038366,-1.376,79.259,2.1174
11.009,0.054978,-2.7467,58.881,3.0201,78.063,0.031287,-1.4158,79.259,2.1174
11.721,0.059911,0.98663,58.901,3.0203,78.16,0.018629,-2.5315,79.259,2.1175
12.345,0.091159,6.2496,58.921,3.0205,78.261,0.0047611,-2.7736,79.259,2.1175
12.785,0.14524,10.817,58.941,3.0207,78.287,0.00051542,-0.84914,79.259,2.1176
13.356,0.20444,11.838,58.962,3.0209,78.197,-0.00085928,-0.27494,79.259,2.1176
14.595,0.23259,5.6302,58.984,3.0211,78.088,-0.012702,-2.3685,79.259,2.1177
16.11,0.18851,-8.8155,59.006,3.0213,78.019,-0.022957,-2.0511,79.259,2.1177
17.217,0.12925,-11.853,59.028,3.0215,78.002,-0.02345,-0.09865,79.259,2.1178
18.159,0.17272,8.6945,59.051,3.0217,77.875,-0.024898,-0.28949,79.258,2.1179
19.18,0.3122,27.897,59.074,3.0219,77.565,-0.02958,-0.93641,79.258,2.118
20.315,0.4784,33.239,59.097,3.0221,77.388,-0.033435,-0.77097,79.258,2.1181
22.758,0.64449,33.218,59.121,3.0223,77.446,-0.033234,0.040072,79.258,2.1182
28.334,0.79067,29.236,59.146,3.0225,77.289,-0.026251,1.3967,79.258,2.1183
34.523,0.84839,11.545,59.17,3.0227,77.005,-0.014608,2.3285,79.258,2.1184
37.804,0.78896,-11.887,59.195,3.023,77.009,-0.0023467,2.4523,79.258,2.1185
39.831,0.65749,-26.293,59.221,3.0232,77.15,0.0049948,1.4683,79.258,2.1187
42.061,0.49549,-32.4,59.247,3.0235,77.224,0.0083753,0.67608,79.257,2.1188
43.937,0.34967,-29.165,59.273,3.0237,77.24,0.012833,0.89163,79.257,2.1189
45.398,0.29238,-11.458,59.3,3.024,77.216,0.0053321,-1.5003,79.257,2.1191
47.303,0.34086,9.6959,59.327,3.0242,77.148,-0.025372,-6.1409,79.257,2.1192
49.413,0.37446,6.7215,59.355,3.0245,76.973,-0.052485,-5.4226,79.257,2.1193
50.967,0.31661,-11.57,59.383,3.0247,76.615,-0.06088,-1.6789,79.256,2.1195
52.04,0.22993,-17.338,59.411,3.025,76.065,-0.078537,-3.5314,79.256,2.1196
52.703,0.12586,-20.812,59.44,3.0252,75.432,-0.109,-6.0923,79.256,2.1198
52.774,-0.0061759,-26.408,59.469,3.0255,74.929,-0.13935,-6.0704,79.256,2.1199
52.231,-0.11393,-21.55,59.499,3.0257,74.368,-0.17018,-6.1662,79.255,2.12
51.223,-0.15909,-9.0319,59.529,3.026,73.265,-0.20061,-6.0866,79.255,2.1202
50.074,-0.17237,-2.6575,59.559,3.0262,71.826,-0.21823,-3.5241,79.255,2.1203
49.125,-0.1777,-1.0659,59.59,3.0265,70.73,-0.21961,-0.27442,79.255,2.1204
48.582,-0.17142,1.2576,59.621,3.0268,69.724,-0.21553,0.81607,79.254,2.1206
48.157,-0.17664,-1.0454,59.653,3.027,68.631,-0.21567,-0.028277,79.254,2.1207
47.083,-0.21106,-6.8831,59.685,3.0273,67.71,-0.22377,-1.6203,79.254,2.1208
45.553,-0.22281,-2.3507,59.717,3.0275,66.854,-0.22329,0.095455,79.254,2.1209
44.043,-0.21799,0.96509,59.75,3.0278,65.661,-0.21046,2.5655,79.253,2.1211
42.358,-0.29725,-15.853,59.783,3.028,64.3,-0.18638,4.8162,79.253,2.1212
40.306,-0.46901,-34.352,59.817,3.0283,63.325,-0.14798,7.6806,79.253,2.1213
38.061,-0.66936,-40.069,59.851,3.0286,63.039,-0.10404,8.788,79.252,2.1214
34.868,-0.83842,-33.811,59.885,3.0288,63.274,-0.062445,8.319,79.252,2.1215
28.948,-0.9408,-20.477,59.92,3.0291,63.101,-0.02939,6.6111,79.252,2.1216
22.082,-0.95747,-3.3335,59.955,3.0294,62.604,-0.020916,1.6948,79.251,2.1217
17.809,-0.88237,15.019,59.99,3.0296,62.331,-0.042616,-4.3401,79.251,2.1218
15.532,-0.72981,30.513,60.026,3.0299,62.168,-0.072225,-5.9217,79.251,2.1219
13.798,-0.52884,40.193,60.063,3.0302,61.749,-0.086744,-2.9038,79.25,2.122
11.949,-0.32514,40.739,60.099,3.0304,61.256,-0.081468,1.0552,79.25,2.1221
10.068,-0.20098,24.834,60.137,3.0307,60.853,-0.068235,2.6466,79.25,2.1222
8.8225,-0.20382,-0.56936,60.174,3.031,60.561,-0.067519,0.1432,79.249,2.1223
8.0245,-0.24808,-8.8519,60.212,3.0313,60.306,-0.066968,0.11021,79.249,2.1224
7.1729,-0.24195,1.2257,60.25,3.0315,60.014,-0.056565,2.0805,79.249,2.1225
6.13,-0.20652,7.0876,60.289,3.0318,59.74,-0.047535,1.8061,79.248,2.1226
4.9408,-0.16567,8.169,60.328,3.0321,59.52,-0.045172,0.4725,79.248,2.1228
4.0034,-0.12406,8.322,60.367,3.0324,59.319,-0.039478,1.1387,79.248,2.1229
3.6152,-0.072828,10.247,60.407,3.0327,59.154,-0.029023,2.0911,79.247,2.123
3.8911,-0.0074858,13.068,60.447,3.033,59.068,-0.016055,2.5935,79.247,2.1231
4.419,0.043016,10.1,60.488,3.0332,59.069,-0.0029617,2.6187,79.246,2.1232
4.6699,0.060044,3.4055,60.528,3.0335,59.145,0.0083419,2.2607,79.246,2.1234
4.7426,0.04658,-2.6928,60.57,3.0338,59.245,0.018937,2.119,79.246,2.1235
4.7138,0.010928,-7.1303,60.611,3.0341,59.379,0.030675,2.3475,79.245,2.1237
4.5395,-0.026708,-7.5271,60.653,3.0344,59.606,0.045482,2.9615,79.245,2.1238
4.3177,-0.043966,-3.4516,60.696,3.0347,59.934,0.067349,4.3735,79.245,2.1239
4.1831,-0.039085,0.97615,60.738,3.035,60.36,0.09467,5.4641,79.244,2.1241
4.0462,-0.051316,-2.4462,60.781,3.0353,60.934,0.11967,5.0009,79.244,2.1242
3.8794,-0.047945,0.67419,60.825,3.0355,61.67,0.13815,3.6955,79.243,2.1244
3.8638,0.023186,14.226,60.869,3.0358,62.473,0.1474,1.8501,79.243,2.1246
4.0477,0.096144,14.592,60.913,3.0361,63.225,0.14476,-0.52943,79.243,2.1247
4.3203,0.1152,3.811,60.958,3.0364,63.816,0.13016,-2.9196,79.242,2.1249
5.0451,0.097605,-3.5189,61.002,3.0367,64.292,0.10658,-4.7149,79.242,2.125
6.6255,0.069645,-5.5919,61.048,3.037,64.723,0.0766,-5.9966,79.242,2.1252
7.0671,0.050089,-3.9112,61.093,3.0373,65.016,0.044109,-6.4982,79.241,2.1254
5.8254,0.052939,0.57002,61.139,3.0376,65.141,0.026497,-3.5226,79.241,2.1255
5.5178,0.079589,5.3299,61.186,3.0379,65.21,0.031745,1.0497,79.241,2.1257
6.6358,0.10385,4.8531,61.233,3.0382,65.277,0.038478,1.3465,79.24,2.1259
8.0491,0.11619,2.4673,61.28,3.0385,65.36,0.028929,-1.9097,79.24,2.126
9.3208,0.16415,9.5926,61.327,3.0388,65.57,0.0064677,-4.4923,79.24,2.1262
10.207,0.23905,14.98,61.375,3.0391,65.833,-0.020637,-5.4209,79.239,2.1264
10.769,0.26515,5.219,61.423,3.0394,65.599,-0.045502,-4.973,79.239,2.1266
11.541,0.24632,-3.7652,61.471,3.0396,64.852,-0.061749,-3.2493,79.239,2.1267
13.358,0.25291,1.3185,61.52,3.0399,64.318,-0.064631,-0.57659,79.238,2.1269
15.943,0.34712,18.842,61.57,3.0402,64.218,-0.052856,2.3551,79.238,2.1271
17.937,0.4862,27.815,61.619,3.0405,64.36,-0.025331,5.5049,79.238,2.1272
19.741,0.51959,6.6781,61.669,3.0408,64.631,0.02662,10.39,79.237,2.1274
22.094,0.41987,-19.944,61.719,3.0411,64.988,0.09632,13.94,79.237,2.1276
25.446,0.42313,0.65143,61.77,3.0414,65.575,0.16367,13.47,79.237,2.1277
29.202,0.58409,32.192,61.821,3.0417,66.575,0.22864,12.995,79.236,2.1279
31.177,0.82249,47.68,61.872,3.042,68.075,0.29464,13.2,79.236,2.128
33.729,1.0551,46.516,61.924,3.0423,69.969,0.33447,7.9644,79.236,2.1282
41.21,1.2022,29.422,61.976,3.0426,71.796,0.3276,-1.3734,79.235,2.1284
51.174,1.2228,4.123,62.028,3.0429,73.301,0.28839,-7.8424,79.235,2.1285
56.604,1.122,-20.165,62.081,3.0432,74.35,0.22704,-12.27,79.235,2.1287
59.477,0.92645,-39.104,62.134,3.0435,74.88,0.15154,-15.099,79.235,2.1288
61.818,0.63816,-57.658,62.187,3.0438,75.112,0.083423,-13.624,79.234,2.129
62.942,0.27809,-72.015,62.24,3.0441,75.468,0.042456,-8.1933,79.234,2.1291
63.045,-0.027987,-61.215,62.294,3.0444,75.903,0.029055,-2.6803,79.234,2.1293
63.066,-0.17748,-29.899,62.349,3.0447,75.955,0.030218,0.23269,79.234,2.1294
62.328,-0.2402,-12.544,62.403,3.045,75.937,0.039281,1.8125,79.233,2.1296
60.213,-0.36024,-24.008,62.458,3.0453,76.219,0.04771,1.6857,79.233,2.1297
57.147,-0.4773,-23.413,62.514,3.0456,76.591,0.050222,0.50249,79.233,2.1298
53.997,-0.5271,-9.9592,62.569,3.0459,76.893,0.056268,1.2093,79.233,2.13
52.15,-0.48881,7.6577,62.625,3.0462,77.216,0.071373,3.0209,79.233,2.1301
50.742,-0.41186,15.39,62.681,3.0465,77.559,0.079124,1.5501,79.232,2.1303
48.069,-0.35598,11.176,62.738,3.0468,77.866,0.066718,-2.4811,79.232,2.1304
45.561,-0.3957,-7.9429,62.794,3.0471,78.181,0.050576,-3.2283,79.232,2.1306
44.211,-0.55161,-31.183,62.851,3.0474,78.498,0.042219,-1.6715,79.232,2.1307
41.307,-0.77826,-45.33,62.909,3.0477,78.651,0.037965,-0.85079,79.232,2.1309
35.668,-0.95898,-36.144,62.966,3.048,78.684,0.034538,-0.68546,79.232,2.131
29.625,-1.0099,-10.192,63.024,3.0483,78.809,0.033828,-0.142,79.232,2.1311
24.142,-0.97866,6.2561,63.081,3.0486,79.078,0.03998,1.2305,79.231,2.1313
19.708,-0.89996,15.741,63.139,3.0489,79.407,0.048539,1.7119,79.231,2.1314
16.807,-0.73305,33.382,63.198,3.0492,79.665,0.05097,0.48609,79.231,2.1316
15.243,-0.5058,45.449,63.256,3.0495,79.824,0.045435,-1.107,79.231,2.1317
13.425,-0.33073,35.014,63.315,3.0498,80.015,0.033364,-2.4141,79.231,2.1319
11.298,-0.24475,17.196,63.373,3.0501,80.191,0.018681,-2.9366,79.231,2.132
9.9964,-0.19415,10.12,63.432,3.0504,80.162,0.0091838,-1.8994,79.231,2.1322
9.5601,-0.16115,6.5992,63.491,3.0507,80.112,0.011342,0.43156,79.231,2.1323
9.4902,-0.12419,7.3926,63.55,3.051,80.236,0.017375,1.2067,79.231,2.1325
9.1785,-0.074653,9.9072,63.61,3.0513,80.371,0.016618,-0.15133,79.231,2.1327
8.6265,-0.021587,10.613,63.669,3.0516,80.427,0.0097127,-1.3811,79.231,2.1328
8.56,0.027346,9.7866,63.728,3.0519,80.515,0.0023263,-1.4773,79.231,2.133
8.9653,0.074502,9.4312,63.788,3.0522,80.533,-0.0036997,-1.2052,79.231,2.1332
9.6034,0.12158,9.4149,63.848,3.0525,80.311,-0.012712,-1.8026,79.231,2.1333
10.529,0.16984,9.6536,63.907,3.0528,80.09,-0.025249,-2.5073,79.231,2.1335
11.792,0.19481,4.9941,63.967,3.0531,80.01,-0.033554,-1.661,79.231,2.1337
12.787,0.16767,-5.4292,64.027,3.0534,79.942,-0.035408,-0.3707,79.231,2.1339
12.823,0.10145,-13.243,64.087,3.0537,79.743,-0.045814,-2.0813,79.231,2.134
12.839,0.028981,-14.495,64.146,3.054,79.301,-0.067789,-4.3949,79.231,2.1342
13.037,-0.042246,-14.245,64.206,3.0543,78.786,-0.091163,-4.6747,79.232,2.1344
12.484,-0.10184,-11.919,64.266,3.0546,78.352,-0.11368,-4.5033,79.232,2.1346
11.589,-0.13355,-6.3427,64.326,3.0549,77.654,-0.14592,-6.4482,79.232,2.1348
10.847,-0.14146,-1.5807,64.386,3.0552,76.608,-0.17269,-5.3531,79.232,2.135
10.139,-0.15197,-2.1031,64.445,3.0555,75.751,-0.17323,-0.10826,79.232,2.1352
9.3843,-0.17502,-4.6105,64.505,3.0558,74.919,-0.18365,-2.0848,79.233,2.1353
8.6478,-0.17726,-0.44743,64.565,3.0561,73.637,-0.23063,-9.3956,79.233,2.1355
7.9138,-0.14868,5.7158,64.624,3.0564,72.161,-0.28934,-11.742,79.233,2.1357
7.1622,-0.10924,7.8875,64.684,3.0567,70.963,-0.34206,-10.544,79.234,2.1359
6.6472,-0.053308,11.187,64.744,3.057,69.154,-0.40209,-12.005,79.234,2.1361
6.6662,0.014115,13.485,64.803,3.0574,66.383,-0.42847,-5.276,79.235,2.1363
7.3283,0.077543,12.686,64.862,3.0577,64.178,-0.36723,12.247,79.235,2.1365
8.3202,0.12568,9.6276,64.921,3.058,62.925,-0.27584,18.278,79.236,2.1367
9.0175,0.15504,5.8712,64.98,3.0583,61.987,-0.20478,14.211,79.236,2.1369
9.5861,0.17658,4.3081,65.039,3.0587,61.506,-0.12999,14.959,79.237,2.1371
10.348,0.18962,2.6078,65.098,3.059,61.835,-0.054495,15.098,79.237,2.1372
11.254,0.18894,-0.13509,65.157,3.0593,61.689,-0.029383,5.0225,79.238,2.1374
12.207,0.16057,-5.6738,65.215,3.0596,60.478,-0.053347,-4.7929,79.239,2.1376
13.259,0.10982,-10.151,65.273,3.06,59.94,-0.078181,-4.9668,79.24,2.1378
14.259,0.079971,-5.9697,65.332,3.0603,60.124,-0.096442,-3.6522,79.241,2.138
14.929,0.152,14.405,65.389,3.0606,59.713,-0.11924,-4.559,79.241,2.1382
16.028,0.4388,57.362,65.447,3.0609,58.795,-0.13925,-4.002,79.242,2.1384
18.806,0.85506,83.251,65.505,3.0613,57.89,-0.14944,-2.0389,79.243,2.1385
24.527,1.2069,70.362,65.562,3.0616,57.032,-0.17457,-5.0249,79.244,2.1387
33.121,1.4078,40.186,65.619,3.0619,56.12,-0.20464,-6.0143,79.246,2.1389
42.695,1.4401,6.4679,65.676,3.0622,55.058,-0.19277,2.3735,79.247,2.1391
50.143,1.3102,-25.982,65.732,3.0626,54.127,-0.16121,6.313,79.248,2.1392
52.943,1.0444,-53.168,65.788,3.0629,53.511,-0.15443,1.3549,79.249,2.1394
54.288,0.71846,-65.186,65.844,3.0632,52.81,-0.17063,-3.2402,79.251,2.1396
56.96,0.42615,-58.463,65.9,3.0635,51.862,-0.18161,-2.1954,79.252,2.1397
59.686,0.24484,-36.261,65.955,3.0638,50.879,-0.17953,0.41628,79.253,2.1399
61.423,0.20745,-7.479,66.01,3.0641,49.769,-0.19672,-3.4385,79.255,2.14
61.904,0.22,2.5101,66.065,3.0645,48.408,-0.24506,-9.6675,79.257,2.1402
61.546,0.10056,-23.887,66.12,3.0648,47.107,-0.3026,-11.508,79.258,2.1403
60.767,-0.17592,-55.297,66.174,3.0651,45.903,-0.34984,-9.4473,79.26,2.1405
59.589,-0.43399,-51.613,66.227,3.0654,43.998,-0.37882,-5.7958,79.262,2.1406
57.418,-0.59233,-31.668,66.281,3.0657,41.472,-0.35258,5.247,79.264,2.1407
53.099,-0.6844,-18.414,66.334,3.066,39.541,-0.26993,16.53,79.266,2.1409
48.017,-0.71379,-5.8789,66.387,3.0663,38.34,-0.24243,5.4999,79.268,2.141
44.724,-0.68709,5.34,66.439,3.0667,37.48,-0.31727,-14.968,79.27,2.1411
42.527,-0.63037,11.344,66.491,3.067,36.54,-0.46983,-30.512,79.272,2.1412
40.313,-0.55296,15.483,66.543,3.0673,34.913,-0.53257,-12.547,79.274,2.1413
37.868,-0.46716,17.159,66.594,3.0676,31.828,-0.35395,35.723,79.277,2.1415
35.043,-0.479,-2.3681,66.645,3.0679,28.793,0.017832,74.356,79.279,2.1418
31.65,-0.63525,-31.249,66.696,3.0683,29.848,0.46479,89.391,79.281,2.1421
27.926,-0.80497,-33.944,66.746,3.0686,35.852,0.88777,84.598,79.284,2.1426
24.274,-0.86953,-12.913,66.796,3.0689,45.547,1.1914,60.724,79.287,2.1431
19.866,-0.84834,4.2391,66.846,3.0692,53.354,1.2891,19.542,79.29,2.1436
14.628,-0.76007,17.653,66.896,3.0696,56.484,1.1349,-30.844,79.292,2.1441
11.234,-0.61672,28.67,66.945,3.0699,58.295,0.76498,-73.981,79.295,2.1445
9.953,-0.46529,30.286,66.993,3.0702,60.361,0.34286,-84.425,79.298,2.1449
8.9858,-0.34062,24.934,67.041,3.0706,61.572,0.063284,-55.914,79.302,2.1453
7.725,-0.24227,19.669,67.089,3.0709,61.905,-0.016398,-15.936,79.305,2.1456
6.4306,-0.18301,11.853,67.137,3.0712,61.894,0.047816,12.843,79.308,2.1459
5.0133,-0.20722,-4.842,67.184,3.0716,61.943,0.084949,7.4267,79.311,2.1462
3.5477,-0.268,-12.156,67.231,3.0719,62.35,0.083211,-0.34771,79.315,2.1465
2.572,-0.25864,1.8713,67.278,3.0723,63.316,0.15405,14.169,79.319,2.1468
1.8801,-0.19562,12.604,67.324,3.0726,64.814,0.26547,22.283,79.322,2.147
0.95567,-0.13408,12.309,67.37,3.0729,66.377,0.33921,14.748,79.326,2.1473
0.15204,-0.081378,10.54,67.415,3.0733,68.016,0.36516,5.1907,79.33,2.1475
0.1729,-0.036586,8.9583,67.46,3.0736,70.03,0.35048,-2.9358,79.334,2.1477
0.45964,-0.0087997,5.5573,67.505,3.074,71.825,0.30551,-8.9946,79.338,2.1479
0.46245,0.0006898,1.8979,67.549,3.0743,72.858,0.248,-11.503,79.343,2.148
0.3555,-0.002235,-0.58497,67.593,3.0746,73.601,0.19448,-10.704,79.347,2.1482
0.25895,-0.016884,-2.9298,67.637,3.075,74.3,0.15056,-8.7836,79.351,2.1483
0.1826,-0.025297,-1.6825,67.68,3.0753,74.93,0.11361,-7.3903,79.356,2.1485
0.19003,0.015238,8.107,67.723,3.0756,75.5,0.092801,-4.1613,79.361,2.1486
0.42512,0.10519,17.99,67.765,3.076,76.023,0.092287,-0.10283,79.366,2.1487
1.25,0.18793,16.549,67.808,3.0763,76.447,0.091377,-0.18207,79.371,2.1488
2.8347,0.26189,14.79,67.849,3.0766,76.758,0.076006,-3.0742,79.376,2.149
4.7889,0.3321,14.042,67.891,3.077,77.019,0.058081,-3.585,79.381,2.1491
6.5845,0.34512,2.6043,67.932,3.0773,77.273,0.04327,-2.9623,79.386,2.1492
7.8736,0.29575,-9.8731,67.972,3.0776,77.525,0.031936,-2.2667,79.392,2.1493
9.1451,0.26245,-6.6608,68.013,3.0779,77.649,0.022807,-1.8258,79.397,2.1494
10.759,0.27322,2.1545,68.053,3.0783,77.604,0.016935,-1.1743,79.403,2.1495
11.835,0.30898,7.1513,68.092,3.0786,77.648,0.015992,-0.18854,79.409,2.1496
12.83,0.34737,7.6781,68.131,3.0789,77.808,0.016788,0.15919,79.414,2.1497
15.32,0.3701,4.5467,68.17,3.0792,77.92,0.017114,0.065064,79.421,2.1498
18.439,0.37998,1.9749,68.209,3.0796,77.998,0.019721,0.52154,79.427,2.15
20.138,0.38525,1.0551,68.247,3.0799,78.124,0.021964,0.44857,79.433,2.1501
21.217,0.40056,3.0611,68.284,3.0802,78.199,0.014771,-1.4386,79.44,2.1502
22.932,0.42714,5.3161,68.321,3.0805,78.146,-0.00088261,-3.1308,79.446,2.1504
25.464,0.45189,4.9505,68.358,3.0809,78.103,-0.014325,-2.6885,79.453,2.1505
28.538,0.49941,9.5036,68.395,3.0812,78.074,-0.02246,-1.6271,79.46,2.1507
31.705,0.59649,19.416,68.431,3.0815,77.899,-0.026079,-0.72374,79.467,2.1509
35.031,0.71511,23.724,68.467,3.0818,77.664,-0.025832,0.049485,79.474,2.1511
38.759,0.80206,17.39,68.502,3.0821,77.547,-0.021381,0.89017,79.481,2.1513
42.903,0.84985,9.5575,68.537,3.0824,77.535,-0.01478,1.3202,79.489,2.1515
47.568,0.90837,11.705,68.571,3.0827,77.529,-0.013475,0.26089,79.496,2.1517
52.994,1.0185,22.017,68.605,3.0831,77.43,-0.020827,-1.4702,79.504,2.1519
58.636,1.1088,18.069,68.639,3.0834,77.236,-0.031746,-2.1839,79.512,2.1521
63.559,1.1232,2.8708,68.672,3.0837,77.027,-0.04344,-2.3387,79.519,2.1523
68.477,1.0827,-8.0849,68.705,3.084,76.703,-0.060709,-3.4538,79.528,2.1525
74.094,0.95279,-25.988,68.738,3.0843,76.192,-0.082505,-4.3593,79.536,2.1528
78.095,0.66557,-57.444,68.77,3.0846,75.711,-0.10759,-5.0161,79.544,2.153
78.978,0.26861,-79.391,68.802,3.0849,75.26,-0.13054,-4.5904,79.552,2.1532
78.406,-0.15038,-83.8,68.833,3.0852,74.466,-0.1492,-3.7331,79.561,2.1535
75.991,-0.56124,-82.171,68.864,3.0855,73.323,-0.17077,-4.3133,79.57,2.1537
70.652,-0.90146,-68.044,68.895,3.0858,72.207,-0.20655,-7.1572,79.578,2.154
64.555,-1.0464,-28.982,68.925,3.0861,71.01,-0.26863,-12.416,79.587,2.1542
59.867,-1.0152,6.236,68.954,3.0864,69.474,-0.36011,-18.294,79.596,2.1544
55.55,-0.95035,12.969,68.984,3.0868,67.267,-0.47371,-22.721,79.606,2.1547
51.301,-0.87195,15.68,69.013,3.0871,64.313,-0.5816,-21.577,79.615,2.1549
48.086,-0.73398,27.593,69.041,3.0874,60.892,-0.65265,-14.21,79.624,2.1552
45.099,-0.63052,20.691,69.069,3.0877,57.367,-0.66437,-2.3433,79.634,2.1554
41.083,-0.6117,3.7639,69.097,3.088,54.159,-0.59982,12.909,79.643,2.1557
37.605,-0.6059,1.1601,69.124,3.0883,51.785,-0.46591,26.783,79.653,2.1559
35.537,-0.58288,4.605,69.151,3.0886,50.584,-0.29934,33.313,79.663,2.1562
33.182,-0.58202,0.17098,69.177,3.0889,50.033,-0.14923,30.022,79.673,2.1564
29.708,-0.59674,-2.9426,69.203,3.0893,49.801,-0.033753,23.095,79.683,2.1567
26.408,-0.60467,-1.5871,69.228,3.0896,50.033,0.045167,15.784,79.693,2.1569
23.506,-0.62166,-3.3977,69.254,3.0899,50.419,0.075757,6.1181,79.704,2.1572
20.711,-0.60677,2.977,69.278,3.0902,50.587,0.066387,-1.8739,79.714,2.1574
18.172,-0.46118,29.119,69.302,3.0905,50.797,0.044023,-4.4728,79.725,2.1577
16.239,-0.24599,43.038,69.326,3.0908,51.188,0.028416,-3.1213,79.735,2.1579
15.441,-0.098838,29.43,69.349,3.0912,51.29,0.017974,-2.0885,79.746,2.1581
15.824,-0.056328,8.5021,69.372,3.0915,51.076,0.019094,0.22404,79.757,2.1584
16.646,-0.082368,-5.208,69.394,3.0918,51.119,0.034692,3.1196,79.768,2.1586
16.252,-0.16408,-16.343,69.416,3.0921,51.432,0.042674,1.5964,79.779,2.1589
13.794,-0.26901,-20.986,69.438,3.0924,51.765,0.027883,-2.9583,79.79,2.1591
11.071,-0.3435,-14.897,69.459,3.0927,51.922,-0.0079614,-7.1688,79.802,2.1594
9.2719,-0.34749,-0.79863,69.479,3.0931,51.759,-0.045339,-7.4755,79.813,2.1596
8.314,-0.269,15.699,69.5,3.0934,51.22,-0.072129,-5.358,79.825,2.1599
7.9816,-0.15095,23.61,69.519,3.0937,50.435,-0.086129,-2.8001,79.836,2.1601
7.9749,-0.060238,18.142,69.538,3.094,49.731,-0.090468,-0.86784,79.848,2.1604
7.8047,-0.053689,1.3098,69.557,3.0944,49.343,-0.1084,-3.5864,79.86,2.1606
7.0958,-0.12288,-13.839,69.575,3.0947,49.26,-0.14914,-8.1487,79.872,2.1609
5.8399,-0.19323,-14.069,69.593,3.095,48.618,-0.20431,-11.033,79.884,2.1611
4.3361,-0.2352,-8.394,69.61,3.0953,47.098,-0.23996,-7.1303,79.896,2.1614
3.1437,-0.24725,-2.4095,69.627,3.0956,45.377,-0.22975,2.0433,79.909,2.1616
2.2918,-0.22149,5.1519,69.644,3.096,44.116,-0.17466,11.016,79.921,2.1619
1.5816,-0.16831,10.635,69.659,3.0963,43.815,-0.079893,18.954,79.933,2.1621
0.96358,-0.11735,10.193,69.675,3.0966,44.528,0.042942,24.567,79.946,2.1624
0.5012,-0.075738,8.3224,69.69,3.0969,45.977,0.18386,28.184,79.959,2.1627
0.35555,-0.030211,9.1055,69.704,3.0973,47.384,0.33207,29.642,79.971,2.1629
0.53479,0.027204,11.483,69.718,3.0976,48.68,0.40963,15.511,79.984,2.1632
0.87796,0.098646,14.288,69.731,3.0979,50.407,0.37,-7.9265,79.997,2.1634
1.5604,0.17309,14.89,69.744,3.0982,52.554,0.29336,-15.327,80.01,2.1637
2.8193,0.2258,10.542,69.757,3.0986,54.591,0.23903,-10.866,80.023,2.164
4.1976,0.22637,0.11325,69.769,3.0989,55.421,0.19848,-8.1102,80.037,2.1642
5.2774,0.18641,-7.9917,69.78,3.0992,54.517,0.15135,-9.4255,80.05,2.1645
6.0982,0.1449,-8.3022,69.791,3.0995,54.545,0.08515,-13.241,80.063,2.1647
6.6509,0.12174,-4.6324,69.801,3.0999,56.122,0.01566,-13.898,80.077,2.165
6.9189,0.13295,2.2426,69.811,3.1002,56.519,-0.039231,-10.978,80.09,2.1653
7.5928,0.2165,16.709,69.821,3.1005,55.587,-0.092044,-10.563,80.104,2.1656
9.508,0.3589,28.481,69.83,3.1008,54.337,-0.15968,-13.528,80.118,2.1658
12.221,0.49307,26.833,69.838,3.1011,53.02,-0.24739,-17.541,80.132,2.1661
15.174,0.57051,15.489,69.846,3.1014,51.632,-0.30885,-12.292,80.146,2.1664
18.403,0.5782,1.5367,69.853,3.1018,50.354,-0.25708,10.353,80.16,2.1666
21.49,0.53097,-9.4461,69.86,3.1021,49.454,-0.14155,23.107,80.174,2.1669
23.588,0.473,-11.594,69.866,3.1024,49.229,-0.056731,16.963,80.188,2.1672
25.331,0.47346,0.092461,69.872,3.1027,49.63,0.020269,15.4,80.203,2.1675
27.779,0.56257,17.822,69.877,3.103,50.435,0.11359,18.665,80.217,2.1677
31.414,0.71227,29.94,69.882,3.1033,51.38,0.21741,20.764,80.231,2.168
36.342,0.91152,39.85,69.886,3.1036,52.603,0.33606,23.73,80.246,2.1683
42.273,1.1331,44.315,69.89,3.1039,54.727,0.46466,25.72,80.261,2.1686
48.73,1.2888,31.143,69.893,3.1042,57.732,0.5744,21.947,80.275,2.1688
55.225,1.337,9.6373,69.896,3.1045,61.125,0.63853,12.826,80.29,2.1691
61.749,1.3289,-1.6261,69.898,3.1048,64.598,0.6356,-0.58593,80.305,2.1694
68.041,1.2399,-17.79,69.899,3.1051,67.697,0.56371,-14.377,80.32,2.1697
73.063,1.0283,-42.315,69.9,3.1053,69.758,0.44145,-24.452,80.335,2.17
76.629,0.72486,-60.699,69.9,3.1056,70.876,0.30824,-26.643,80.35,2.1702
79.18,0.37221,-70.53,69.9,3.1059,71.686,0.20634,-20.379,80.365,2.1705
79.521,0.0002223,-74.397,69.9,3.1062,72.47,0.14673,-11.921,80.381,2.1708
76.622,-0.36638,-73.321,69.898,3.1065,73.302,0.12402,-4.5432,80.396,2.1711
72.606,-0.70199,-67.122,69.896,3.1068,74.094,0.12842,0.8812,80.411,2.1714
68.509,-0.96837,-53.276,69.894,3.107,74.777,0.13854,2.024,80.427,2.1717
63.466,-1.1324,-32.804,69.891,3.1073,75.366,0.13529,-0.65086,80.442,2.1719
57.51,-1.1523,-3.9816,69.888,3.1076,75.887,0.12023,-3.0109,80.458,2.1722
51.488,-1.0415,22.152,69.884,3.1079,76.37,0.1012,-3.807,80.474,2.1725
46.396,-0.91631,25.045,69.879,3.1082,76.809,0.07495,-5.2498,80.49,2.1728
42.947,-0.80363,22.537,69.874,3.1085,77.151,0.043272,-6.3356,80.505,2.173
40.481,-0.63953,32.819,69.869,3.1088,77.274,0.012791,-6.0961,80.521,2.1733
38.099,-0.493,29.306,69.863,3.1091,77.111,-0.010816,-4.7215,80.537,2.1736
35.16,-0.47234,4.1316,69.856,3.1093,76.85,-0.02362,-2.5607,80.553,2.1739
31.952,-0.57116,-19.764,69.849,3.1096,76.68,-0.022578,0.20827,80.57,2.1741
29.345,-0.71229,-28.226,69.841,3.1099,76.725,-0.0082322,2.8693,80.586,2.1744
25.99,-0.78856,-15.254,69.833,3.1102,76.907,0.012538,4.154,80.602,2.1747
21.145,-0.75655,6.4015,69.825,3.1105,77.073,0.030996,3.6916,80.618,2.1749
16.709,-0.66189,18.933,69.816,3.1108,77.241,0.040498,1.9004,80.635,2.1752
14.13,-0.54057,24.264,69.806,3.1111,77.437,0.042266,0.35363,80.651,2.1754
13.047,-0.4093,26.255,69.796,3.1114,77.611,0.042809,0.10863,80.668,2.1757
12.505,-0.28227,25.405,69.786,3.1117,77.767,0.038756,-0.81062,80.684,2.1759
11.309,-0.18143,20.168,69.775,3.112,77.957,0.030648,-1.6215,80.701,2.1762
9.7849,-0.15744,4.799,69.763,3.1123,78.145,0.027581,-0.61349,80.718,2.1764
8.6971,-0.19622,-7.7572,69.751,3.1126,78.226,0.019353,-1.6455,80.735,2.1767
7.775,-0.22518,-5.7904,69.739,3.1129,78.084,-0.018012,-7.473,80.751,2.1769
6.7638,-0.21048,2.9384,69.726,3.1131,77.753,-0.068247,-10.047,80.768,2.1771
5.9956,-0.1678,8.5371,69.713,3.1134,77.412,-0.1061,-7.571,80.785,2.1774
5.4607,-0.1243,8.7005,69.699,3.1137,76.855,-0.13055,-4.8894,80.802,2.1776
4.8823,-0.097875,5.2841,69.685,3.114,75.764,-0.14355,-2.6,80.819,2.1778
4.4178,-0.063726,6.8297,69.671,3.1143,74.749,-0.14178,0.35421,80.836,2.1781
4.3226,-0.015666,9.612,69.656,3.1146,74.466,-0.13526,1.3045,80.854,2.1783
4.4535,0.019853,7.1038,69.64,3.1149,74.11,-0.13717,-0.38249,80.871,2.1785
4.6492,0.026668,1.3631,69.625,3.1152,73.321,-0.12685,2.0636,80.888,2.1788
4.8454,0.011599,-3.0138,69.608,3.1155,72.54,-0.10454,4.4614,80.905,2.179
4.8344,-0.01881,-6.0819,69.592,3.1159,71.779,-0.12007,-3.1051,80.923,2.1792
4.43,-0.062314,-8.7008,69.575,3.1162,70.773,-0.19637,-15.259,80.94,2.1795
3.7529,-0.10469,-8.4745,69.557,3.1165,69.654,-0.30487,-21.701,80.958,2.1797
3.02,-0.12844,-4.7503,69.539,3.1168,68.26,-0.40285,-19.597,80.975,2.18
2.5231,-0.12576,0.53597,69.521,3.1171,65.631,-0.48009,-15.447,80.993,2.1802
2.2253,-0.088385,7.4746,69.502,3.1174,62.125,-0.52906,-9.7934,81.011,2.1805
1.9923,-0.020572,13.563,69.483,3.1177,59.077,-0.53719,-1.6277,81.028,2.1808
2.1075,0.054771,15.069,69.464,3.118,56.87,-0.51308,4.8228,81.046,2.181
2.7866,0.12553,14.152,69.444,3.1183,55.316,-0.45964,10.688,81.064,2.1813
3.907,0.19321,13.535,69.424,3.1186,53.711,-0.3713,17.669,81.082,2.1816
5.268,0.25548,12.456,69.404,3.1189,51.894,-0.26483,21.294,81.1,2.1819
6.6433,0.30381,9.666,69.383,3.1193,50.525,-0.17256,18.453,81.117,2.1821
8.0679,0.31974,3.186,69.362,3.1196,49.907,-0.095962,15.32,81.135,2.1824
9.6715,0.29597,-4.7542,69.34,3.1199,50.097,-0.023587,14.475,81.153,2.1827
11.163,0.24363,-10.468,69.318,3.1202,50.696,0.030559,10.829,81.172,2.183
12.266,0.19569,-9.5889,69.296,3.1205,51.175,0.05295,4.4782,81.19,2.1832
12.995,0.18297,-2.5435,69.273,3.1208,51.172,0.035153,-3.5593,81.208,2.1835
13.58,0.20224,3.8538,69.25,3.1211,50.746,-0.0050015,-8.031,81.226,2.1837
14.379,0.22707,4.9672,69.227,3.1215,50.419,-0.034529,-5.9056,81.244,2.184
15.649,0.21503,-2.4084,69.203,3.1218,50.35,-0.035375,-0.16923,81.262,2.1843
17.389,0.1733,-8.3471,69.18,3.1221,50.5,-0.0063756,5.8,81.281,2.1845
18.74,0.17046,-0.56657,69.155,3.1224,50.736,0.030195,7.3141,81.299,2.1848
19.159,0.1963,5.168,69.131,3.1227,50.969,0.058099,5.5808,81.317,2.185
19.32,0.20805,2.3497,69.106,3.123,51.261,0.072063,2.7929,81.336,2.1852
20.348,0.27382,13.153,69.081,3.1233,51.615,0.068338,-0.74499,81.354,2.1855
23.45,0.4482,34.877,69.055,3.1236,51.894,0.05508,-2.6517,81.373,2.1857
27.685,0.69277,48.915,69.03,3.1239,52.145,0.045812,-1.8536,81.391,2.186
31.36,0.94247,49.939,69.004,3.1242,52.468,0.044691,-0.22425,81.41,2.1862
36.314,1.1293,37.357,68.977,3.1245,52.666,0.048038,0.66952,81.428,2.1864
43.513,1.2311,20.37,68.951,3.1249,52.733,0.056237,1.6398,81.447,2.1867
50.131,1.2609,5.9662,68.924,3.1252,53.08,0.071341,3.0208,81.466,2.1869
55.251,1.1523,-21.726,68.897,3.1254,53.722,0.088387,3.4091,81.484,2.1872
59.67,0.89307,-51.846,68.869,3.1257,54.25,0.099296,2.1819,81.503,2.1874
62.969,0.52581,-73.452,68.842,3.126,54.706,0.10188,0.51663,81.522,2.1876
64.197,0.11775,-81.613,68.814,3.1262,55.179,0.098004,-0.77515,81.54,2.1879
62.562,-0.22696,-68.941,68.785,3.1263,55.581,0.086781,-2.2446,81.559,2.1881
58.654,-0.46111,-46.831,68.757,3.1265,55.863,0.05972,-5.4121,81.578,2.1883
55.578,-0.6216,-32.098,68.728,3.1266,56.051,0.021985,-7.547,81.597,2.1886
53.218,-0.7095,-17.58,68.699,3.1267,56.176,0.0069942,-2.9982,81.616,2.1888
49.967,-0.71697,-1.4935,68.67,3.1267,56.233,0.019453,2.4917,81.635,2.189
46.179,-0.67869,7.655,68.641,3.1268,56.095,0.023073,0.72406,81.654,2.1893
42.918,-0.6448,6.7783,68.611,3.1268,55.837,0.0039418,-3.8262,81.672,2.1895
39.498,-0.6394,1.081,68.581,3.1268,56.035,-0.023766,-5.5416,81.691,2.1897
35.779,-0.66405,-4.9297,68.551,3.1269,56.452,-0.061564,-7.5596,81.71,2.19
32.493,-0.7112,-9.4302,68.521,3.1269,55.811,-0.10667,-9.0216,81.729,2.1902
29.268,-0.79642,-17.045,68.491,3.127,54.461,-0.12889,-4.4426,81.748,2.1905
25.297,-0.89605,-19.926,68.46,3.1271,53.842,-0.11107,3.5628,81.767,2.1907
20.439,-0.92525,-5.8392,68.429,3.1272,53.819,-0.064846,9.2451,81.786,2.191
14.952,-0.84567,15.916,68.398,3.1273,54.016,0.036968,20.363,81.806,2.1912
10.526,-0.6978,29.575,68.366,3.1275,55.095,0.23122,38.85,81.825,2.1915
8.6645,-0.51364,36.831,68.335,3.1277,57.205,0.43944,41.645,81.844,2.1917
8.0956,-0.32319,38.09,68.303,3.1279,59.747,0.56169,24.449,81.863,2.192
7.756,-0.17828,28.982,68.271,3.1281,62.814,0.60332,8.3259,81.882,2.1922
6.9464,-0.11582,12.492,68.239,3.1283,66.615,0.59404,-1.8552,81.901,2.1925
5.6734,-0.13174,-3.1831,68.207,3.1286,69.681,0.52633,-13.543,81.92,2.1928
4.3028,-0.18991,-11.634,68.174,3.1289,70.935,0.41544,-22.177,81.939,2.193
3.2898,-0.21919,-5.8554,68.141,3.1292,71.82,0.30534,-22.02,81.959,2.1933
2.7519,-0.17426,8.9852,68.109,3.1295,73.096,0.21598,-17.873,81.978,2.1936
2.3853,-0.098084,15.235,68.075,3.1298,74.249,0.15508,-12.18,81.997,2.1938
2.1103,-0.028168,13.983,68.042,3.1301,75.125,0.14243,-2.5289,82.016,2.1941
1.9728,0.0066206,6.9577,68.009,3.1305,75.802,0.16211,3.9355,82.036,2.1944
2.0625,0.0053337,-0.25738,67.975,3.1308,76.411,0.15235,-1.9524,82.055,2.1947
2.3257,-0.014102,-3.8872,67.942,3.1312,77.017,0.11039,-8.3907,82.074,2.195
2.1932,-0.03097,-3.3737,67.908,3.1315,77.593,0.092181,-3.6427,82.093,2.1953
1.7065,-0.044615,-2.729,67.874,3.1319,78.061,0.092796,0.12289,82.112,2.1956
1.2383,-0.058113,-2.6995,67.84,3.1323,78.378,0.086901,-1.179,82.132,2.1958
0.99376,-0.06181,-0.73933,67.805,3.1327,78.759,0.087122,0.044272,82.151,2.1961
0.97863,-0.042735,3.8149,67.771,3.133,79.368,0.096461,1.8678,82.17,2.1964
1.0417,0.0053646,9.6199,67.736,3.1334,79.933,0.10595,1.8979,82.19,2.1967
1.1514,0.059977,10.923,67.701,3.1338,80.387,0.11793,2.3967,82.209,2.197
1.5516,0.08902,5.8086,67.667,3.1342,81.07,0.13327,3.0669,82.228,2.1973
2.2486,0.11564,5.3234,67.632,3.1345,81.937,0.14338,2.0221,82.247,2.1976
3.1077,0.14753,6.3779,67.596,3.1349,82.572,0.14485,0.29368,82.267,2.1979
3.882,0.16043,2.5799,67.561,3.1353,83.193,0.14571,0.17214,82.286,2.1982
4.4901,0.15996,-0.092892,67.526,3.1356,84.032,0.14537,-0.067421,82.305,2.1985
5.3308,0.16291,0.59048,67.49,3.136,84.756,0.13407,-2.2613,82.325,2.1988
6.447,0.16751,0.91929,67.455,3.1364,85.271,0.11683,-3.4473,82.344,2.1991
7.1161,0.17,0.49794,67.419,3.1367,85.767,0.10383,-2.5989,82.363,2.1994
7.7729,0.18705,3.41,67.383,3.1371,86.239,0.089051,-2.9567,82.382,2.1997
9.0953,0.21739,6.0675,67.347,3.1374,86.569,0.065963,-4.6175,82.402,2.2
10.45,0.24,4.5221,67.311,3.1378,86.801,0.046561,-3.8804,82.421,2.2003
11.563,0.25337,2.6736,67.275,3.1381,86.986,0.034672,-2.3778,82.44,2.2006
13.054,0.28143,5.6137,67.239,3.1384,87.086,0.021642,-2.6059,82.459,2.2009
15.172,0.35292,14.297,67.203,3.1388,87.099,0.0077631,-2.7758,82.479,2.2012
17.372,0.47798,25.013,67.166,3.1391,87.06,-0.0044292,-2.4385,82.498,2.2015
20.166,0.67448,39.3,67.13,3.1394,86.98,-0.019664,-3.047,82.517,2.2018
24.431,0.91371,47.845,67.093,3.1397,86.835,-0.039677,-4.0025,82.536,2.2021
30.354,1.1134,39.939,67.057,3.14,86.552,-0.05979,-4.0225,82.556,2.2023
37.475,1.277,32.727,67.02,3.1403,86.093,-0.082213,-4.4847,82.575,2.2026
44.747,1.4395,32.492,66.983,3.1406,85.527,-0.10784,-5.125,82.594,2.2029
51.582,1.5022,12.536,66.946,3.1408,84.903,-0.12877,-4.1868,82.613,2.2032
57.81,1.3768,-25.084,66.909,3.1411,84.235,-0.14094,-2.4331,82.632,2.2035
63.582,1.1069,-53.966,66.873,3.1414,83.484,-0.14771,-1.3551,82.651,2.2038
68.658,0.73841,-73.703,66.836,3.1416,82.66,-0.14928,-0.31416,82.671,2.2041
70.712,0.29109,-89.464,66.798,3.1419,81.926,-0.14569,0.71951,82.69,2.2044
68.666,-0.16863,-91.944,66.761,3.1421,81.245,-0.15149,-1.1602,82.709,2.2047
65.248,-0.56026,-78.326,66.724,3.1424,80.439,-0.17392,-4.4864,82.728,2.205
61.437,-0.81771,-51.49,66.687,3.1427,79.537,-0.18723,-2.6626,82.747,2.2053
56.704,-0.90317,-17.094,66.65,3.1429,78.599,-0.17787,1.872,82.766,2.2055
52.287,-0.81894,16.846,66.613,3.1432,77.459,-0.18106,-0.63661,82.785,2.2058
49.343,-0.66319,31.151,66.575,3.1435,76.088,-0.21843,-7.4752,82.804,2.2061
47.045,-0.57545,17.548,66.538,3.1438,74.871,-0.28928,-14.17,82.823,2.2064
44.618,-0.54945,5.1986,66.501,3.1441,73.546,-0.40543,-23.231,82.842,2.2067
41.989,-0.50296,9.2979,66.463,3.1444,70.957,-0.56048,-31.01,82.861,2.207
38.993,-0.49761,1.0707,66.426,3.1447,67.015,-0.68556,-25.014,82.88,2.2073
35.642,-0.5535,-11.178,66.389,3.145,62.856,-0.74646,-12.181,82.899,2.2076
32.958,-0.56381,-2.0622,66.351,3.1453,58.735,-0.79769,-10.246,82.918,2.2079
30.945,-0.55086,2.5914,66.314,3.1456,54.795,-0.80597,-1.6551,82.936,2.2082
27.99,-0.61536,-12.901,66.276,3.1459,51.672,-0.65718,29.758,82.955,2.2084
23.978,-0.71681,-20.289,66.239,3.1462,49.099,-0.53561,24.313,82.974,2.2087
20.555,-0.77544,-11.727,66.202,3.1465,45.601,-0.61891,-16.66,82.993,2.209
17.018,-0.77993,-0.89806,66.164,3.1469,41.601,-0.81894,-40.006,83.012,2.2093
12.096,-0.71936,12.115,66.127,3.1472,38.482,-0.99129,-34.47,83.03,2.2096
8.4774,-0.56762,30.347,66.089,3.1475,33.458,-1.129,-27.548,83.049,2.2099
7.6655,-0.37962,37.602,66.052,3.1479,24.217,-1.1937,-12.925,83.068,2.2102
7.3179,-0.24252,27.419,66.015,3.1482,17.395,-1.1296,12.812,83.086,2.2105
6.3682,-0.15691,17.121,65.977,3.1486,14.709,-0.95403,35.112,83.105,2.2108
5.6028,-0.10033,11.316,65.94,3.1489,12.346,-0.72303,46.201,83.123,2.2111
4.8882,-0.11395,-2.7229,65.903,3.1493,9.3426,-0.45501,53.603,83.142,2.2114
3.7531,-0.18567,-14.344,65.866,3.1496,7.8689,-0.20416,50.171,83.16,2.2117
2.6998,-0.2076,-4.3864,65.828,3.15,7.363,-0.10432,19.968,83.179,2.2119
2.1019,-0.16069,9.381,65.791,3.1503,6.9179,-0.14096,-7.3286,83.197,2.2122
1.6158,-0.10957,10.225,65.754,3.1507,6.5222,-0.1054,7.1109,83.216,2.2125
1.2097,-0.062465,9.4206,65.717,3.151,6.2168,-0.020745,16.932,83.234,2.2128
1.0959,-0.0034415,11.805,65.68,3.1514,6.0067,0.0078851,5.7261,83.252,2.2131
1.355,0.050941,10.876,65.643,3.1518,6.0228,0.0044303,-0.69095,83.271,2.2133
1.9619,0.086377,7.0874,65.606,3.1521,6.3748,0.027766,4.6672,83.289,2.2136
2.6143,0.11356,5.4361,65.569,3.1525,6.9981,0.052042,4.8552,83.307,2.2139
3.2117,0.14691,6.6697,65.533,3.1529,7.8186,0.12608,14.808,83.325,2.2141
3.99,0.17833,6.2847,65.496,3.1532,8.8565,0.29141,33.066,83.343,2.2144
4.9261,0.18827,1.9874,65.459,3.1536,10.693,0.50923,43.565,83.361,2.2147
5.8557,0.17894,-1.8662,65.423,3.154,14.065,0.73885,45.924,83.379,2.215
6.9144,0.1798,0.17239,65.386,3.1543,19.336,0.95558,43.346,83.397,2.2153
8.0702,0.19481,3.0027,65.35,3.1547,26.021,1.1248,33.839,83.415,2.2156
8.8018,0.20554,2.1462,65.314,3.1551,32.081,1.2067,16.377,83.433,2.216
9.3326,0.19428,-2.2518,65.277,3.1554,37.121,1.1675,-7.8393,83.451,2.2163
10.44,0.1662,-5.6165,65.241,3.1558,42.022,1.0146,-30.583,83.469,2.2167
11.78,0.15565,-2.111,65.205,3.1562,46.446,0.81075,-40.762,83.487,2.2172
12.43,0.15608,0.086374,65.169,3.1565,49.764,0.61608,-38.933,83.504,2.2176
12.637,0.11349,-8.5181,65.133,3.1568,51.969,0.46061,-31.093,83.522,2.2181
12.927,0.060732,-10.551,65.098,3.1572,53.404,0.36651,-18.821,83.54,2.2186
13.778,0.087816,5.4168,65.062,3.1575,54.727,0.30382,-12.537,83.557,2.2192
14.901,0.1916,20.757,65.027,3.1579,56.049,0.24672,-11.42,83.575,2.2198
15.544,0.32824,27.328,64.991,3.1582,57.097,0.19062,-11.22,83.592,2.2205
17.028,0.45585,25.522,64.956,3.1585,58.022,0.12018,-14.088,83.61,2.2212
20.94,0.5267,14.17,64.921,3.1588,58.702,0.032315,-17.573,83.627,2.222
24.911,0.52516,-0.30788,64.886,3.1591,58.08,-0.062221,-18.907,83.644,2.2228
26.688,0.47976,-9.0804,64.851,3.1594,56.529,-0.15209,-17.974,83.662,2.2237
28.08,0.43101,-9.7494,64.816,3.1597,55.448,-0.22027,-13.637,83.679,2.2246
29.877,0.38443,-9.3167,64.782,3.16,54.894,-0.23073,-2.0918,83.696,2.2256
31.506,0.35399,-6.0869,64.747,3.1603,54.353,-0.15896,14.354,83.713,2.2267
33.591,0.40731,10.664,64.713,3.1605,53.885,-0.035064,24.78,83.73,2.2278
36.745,0.55151,28.84,64.679,3.1608,54.043,0.11882,30.776,83.747,2.229
40.239,0.68205,26.107,64.645,3.1611,55.492,0.30944,38.124,83.764,2.2303
43.569,0.72863,9.3166,64.611,3.1613,58.371,0.50551,39.213,83.781,2.2316
46.953,0.71025,-3.6754,64.577,3.1615,61.643,0.65818,30.535,83.798,2.2331
50.247,0.60391,-21.268,64.543,3.1617,64.998,0.72787,13.938,83.815,2.2346
52.79,0.40872,-39.038,64.51,3.1619,69.147,0.69737,-6.1004,83.831,2.2362
54.012,0.19139,-43.467,64.477,3.1621,72.707,0.58306,-22.862,83.848,2.2379
53.669,0.014805,-35.317,64.444,3.1623,74.094,0.43438,-29.736,83.864,2.2397
52.588,-0.089555,-20.872,64.411,3.1625,74.948,0.30447,-25.982,83.881,2.2416
51.6,-0.12569,-7.2265,64.378,3.1626,76.132,0.20628,-19.637,83.897,2.2435
51.155,-0.11047,3.0436,64.346,3.1628,77.031,0.12735,-15.787,83.914,2.2456
51.224,-0.072682,7.5575,64.313,3.1629,77.673,0.094294,-6.6104,83.93,2.2478
51.375,-0.072233,0.089838,64.281,3.163,78.312,0.11258,3.6582,83.946,2.2501
50.783,-0.17108,-19.77,64.249,3.1631,78.762,0.11257,-0.0032534,83.962,2.2525
48.803,-0.33438,-32.66,64.217,3.1632,78.939,0.070993,-8.3151,83.979,2.255
46.122,-0.46785,-26.694,64.186,3.1632,79.232,0.051882,-3.8223,83.995,2.2576
42.996,-0.57973,-22.375,64.154,3.1633,79.68,0.044316,-1.5132,84.011,2.2604
39.214,-0.68299,-20.653,64.123,3.1633,79.87,0.044828,0.10235,84.027,2.2632
35.518,-0.74069,-11.539,64.092,3.1633,79.983,0.052696,1.5737,84.042,2.2662
32.52,-0.81638,-15.137,64.061,3.1633,80.313,0.066335,2.7279,84.058,2.2693
28.587,-0.87656,-12.036,64.031,3.1633,80.791,0.083296,3.392,84.074,2.2726
23.03,-0.90572,-5.8329,64.001,3.1633,81.297,0.10026,3.3933,84.089,2.2759
